 3.107  7.938  0.910  0.961  0.000  0.000 8 
 3.058  7.354  0.781  0.842  0.000  0.000 8 
 3.048  6.488  0.695  0.731  0.000  0.000 8 
 3.077  5.175  0.681  0.893  0.000  0.000 9 
 3.194  4.816  0.662  0.849  0.000  0.000 9 
 3.302  4.523  0.728  0.817  0.000  0.000 9 
 3.171  4.176  0.876  0.839  0.000  0.000 10 
 3.794  4.881  0.788  0.857  0.000  0.000 8 
 3.630  4.371  0.763  0.890  0.000  0.000 9 
 3.680  4.476  0.769  0.751  0.000  0.000 9 
 3.516  4.177  0.904  0.868  0.000  0.000 11 
 3.380  4.453  0.919  0.973  0.000  0.000 10 
 3.372  4.699  0.832  1.014  0.000  0.000 10 
 3.056  4.632  0.742  0.956  0.000  0.000 11 
 2.980  4.997  0.714  0.905  0.000  0.000 11 
 2.886  5.286  0.634  0.789  0.000  0.000 11 
 2.929  5.681  0.533  0.728  0.000  0.000 11 
 2.850  5.434  0.676  1.007  0.000  0.000 11 
 2.827  5.370  0.645  0.944  0.000  0.000 11 
 2.857  5.202  0.611  0.841  0.000  0.000 11 
 2.954  5.003  0.524  0.729  0.000  0.000 11 
 3.118  4.812  0.494  0.666  0.000  0.000 11 
 3.512  5.195  0.515  0.620  0.000  0.000 11 
 3.155  4.196  0.515  0.652  0.000  0.000 12 
 3.611  4.827  0.384  0.581  0.000  0.000 10 
 3.433  4.593  0.458  0.607  0.000  0.000 10 
 3.111  4.322  0.547  0.607  0.000  0.000 10 
 2.786  3.836  0.645  0.723  0.000  0.000 11 
 2.697  3.936  0.654  0.739  0.000  0.000 11 
 2.654  4.064  0.524  0.664  0.000  0.000 11 
 2.591  4.122  0.455  0.606  0.000  0.000 11 
 2.579  4.187  0.426  0.564  0.000  0.000 11 
 2.504  4.127  0.438  0.543  0.000  0.000 11 
 2.497  4.221  0.454  0.500  0.000  0.000 10 
 2.344  3.996  0.665  0.643  0.000  0.000 11 
 2.345  4.023  0.810  0.707  0.000  0.000 11 
 2.538  4.198  0.971  0.779  0.000  0.000 11 
 2.469  3.980  1.099  0.720  0.000  0.000 12 
 2.638  4.229  1.253  0.757  0.000  0.000 12 
 2.868  4.714  1.188  0.723  0.000  0.000 11 
 3.301  5.182  0.981  0.808  0.000  0.000 10 
 3.196  4.762  0.978  0.786  0.000  0.000 10 
 3.248  4.579  1.022  0.861  0.000  0.000 10 
 3.424  4.460  1.147  0.965  0.000  0.000 10 
 3.565  4.338  1.455  1.350  0.000  0.000 11 
 3.266  4.117  1.365  1.199  0.000  0.000 12 
 4.083  4.832  1.199  1.012  0.000  0.000 10 
 3.989  4.823  1.217  1.150  0.000  0.000 10 
 3.903  5.206  1.191  1.086  0.000  0.000 10 
 3.606  5.024  1.335  1.284  0.000  0.000 10 
 3.609  5.253  1.391  1.327  0.000  0.000 10 
 3.261  4.780  1.494  1.488  0.000  0.000 10 
 3.341  4.790  1.447  1.410  0.000  0.000 10 
 3.265  4.548  1.396  1.408  0.000  0.000 10 
 3.365  4.484  1.311  1.211  0.000  0.000 10 
 3.147  4.035  1.281  1.148  0.000  0.000 11 
 3.793  5.195  1.174  1.188  0.000  0.000 9 
 3.820  5.276  0.960  1.045  0.000  0.000 9 
 3.894  4.887  1.058  1.190  0.000  0.000 9 
 4.017  4.999  1.266  1.142  0.000  0.000 9 
 3.903  4.522  1.171  1.173  0.000  0.000 9 
 3.965  4.495  1.404  1.310  0.000  0.000 9 
 4.084  4.499  1.711  1.475  0.000  0.000 9 
 4.670  5.269  1.836  1.406  0.000  0.000 9 
 4.972  5.647  1.625  1.320  0.000  0.000 9 
 5.139  5.899  1.458  1.298  0.000  0.000 8 
 5.104  6.376  1.229  1.091  0.000  0.000 7 
 4.838  6.469  1.093  0.902  0.000  0.000 7 
 4.542  6.605  0.867  0.764  0.000  0.000 7 
 4.009  5.965  1.006  1.185  0.000  0.000 8 
 3.855  6.359  1.026  1.180  0.000  0.000 8 
 3.803  6.807  1.047  1.234  0.000  0.000 8 
 3.843  6.602  0.789  1.020  0.000  0.000 8 
 3.704  6.281  0.922  1.100  0.000  0.000 8 
 3.606  5.824  1.005  1.081  0.000  0.000 8 
 3.509  5.299  1.097  1.166  0.000  0.000 8 
 3.656  5.146  1.231  1.370  0.000  0.000 8 
 4.723  6.883  0.917  1.154  0.000  0.000 6 
 4.641  5.923  1.083  1.259  0.000  0.000 7 
 5.146  5.965  0.934  1.074  0.000  0.000 7 
 5.261  5.882  0.925  0.969  0.000  0.000 7 
 5.237  5.857  0.968  1.040  0.000  0.000 7 
 4.139  4.769  1.162  1.238  0.000  0.000 9 
 4.849  5.296  0.903  1.158  0.000  0.000 8 
 4.650  5.587  1.005  1.164  0.000  0.000 8 
 4.536  6.116  0.953  1.127  0.000  0.000 8 
 4.492  6.880  1.059  1.351  0.000  0.000 8 
 3.712  6.009  1.334  1.664  0.000  0.000 9 
 3.474  6.304  1.276  1.600  0.000  0.000 9 
 3.310  6.352  1.173  1.522  0.000  0.000 9 
 3.315  6.187  0.980  1.368  0.000  0.000 9 
 3.091  5.951  0.878  1.368  0.000  0.000 9 
 2.910  5.774  0.716  1.095  0.000  0.000 8 
 3.322  6.286  0.791  1.160  0.000  0.000 8 
 3.630  6.380  0.860  1.085  0.000  0.000 8 
 4.922  6.882  0.995  1.087  0.000  0.000 7 
 5.020  6.158  0.899  0.696  0.000  0.000 8 
 3.533  4.361  0.970  0.876  0.000  0.000 9 
 3.990  4.672  0.782  0.741  0.000  0.000 8 
 3.355  4.264  1.160  0.775  0.000  0.000 9 
 3.320  4.348  1.102  0.777  0.000  0.000 9 
 3.296  4.437  1.065  0.709  0.000  0.000 9 
 4.161  5.300  0.750  0.633  0.000  0.000 9 
 3.126  4.405  1.089  0.974  0.000  0.000 10 
 3.241  4.838  0.837  0.797  0.000  0.000 9 
 3.220  5.067  0.646  0.646  0.000  0.000 9 
 3.128  5.187  0.611  0.695  0.000  0.000 9 
 3.081  5.267  0.550  0.577  0.000  0.000 9 
 3.255  5.695  0.523  0.439  0.000  0.000 9 
 3.523  6.208  0.541  0.582  0.000  0.000 8 
 3.293  5.300  0.599  0.638  0.000  0.000 9 
 3.324  4.964  0.742  0.598  0.000  0.000 9 
 3.347  4.661  0.960  0.670  0.000  0.000 9 
 3.414  4.367  1.033  0.664  0.000  0.000 9 
 3.636  4.240  1.033  0.625  0.000  0.000 9 
 5.141  5.052  0.585  0.554  0.000  0.000 8 
 6.028  5.978  0.698  0.599  0.000  0.000 7 
 4.585  4.993  1.109  0.655  0.000  0.000 7 
 4.554  4.834  1.060  0.746  0.000  0.000 8 
 4.449  5.605  0.972  0.779  0.000  0.000 7 
 4.115  4.900  0.786  0.716  0.000  0.000 8 
 3.865  4.972  0.719  0.673  0.000  0.000 8 
 3.592  5.117  0.768  0.788  0.000  0.000 8 
 3.389  5.347  0.750  0.749  0.000  0.000 8 
 3.278  5.687  0.768  0.752  0.000  0.000 8 
 3.489  8.125  0.518  0.602  0.000  0.000 6 
 3.370  7.252  0.518  0.683  0.000  0.000 7 
 3.362  7.229  0.575  0.723  0.000  0.000 7 
 3.314  6.723  0.771  0.796  0.000  0.000 7 
 3.227  5.898  0.881  0.761  0.000  0.000 7 
 2.886  4.694  1.023  0.770  0.000  0.000 8 
 3.137  4.789  0.949  0.690  0.000  0.000 8 
 3.422  4.872  0.965  0.758  0.000  0.000 8 
 3.670  4.570  0.905  0.765  0.000  0.000 8 
 3.766  4.576  0.935  0.885  0.000  0.000 8 
 4.476  5.213  1.072  1.001  0.000  0.000 8 
