 15.00 -25.00 -2.425  2.516 -8.200  1.800 -2.200
 15.00 -20.00 -2.630  2.103 -10.000  0.200 -2.250
 15.00 -15.00 -2.060  1.442 -5.800  0.400 -1.550
 15.00 -10.00 -1.467  1.818 -3.500  0.000 -0.900
 20.00 -25.00 -1.826  1.139 -3.400  0.700 -1.900
 20.00 -20.00 -1.568  0.709 -2.800  0.000 -1.500
 20.00 -15.00 -1.282  0.611 -2.400 -0.200 -1.150
 20.00 -10.00 -0.668  1.702 -6.900  1.600 -0.500
 20.00  -5.00 -0.300  1.383 -1.700  1.600 -0.550
 20.00  15.00  0.050  3.996 -5.700  5.600  0.350
 20.00  20.00 -1.194  2.465 -5.800  3.200 -1.100
 20.00  25.00 -1.677  2.476 -5.800  2.100 -1.350
 20.00  30.00 -1.668  1.858 -6.000  1.100 -1.200
 20.00  35.00 -1.018  1.831 -4.100  2.000 -1.200
 20.00  40.00 -2.100  0.000 -2.100 -2.100 -2.100
 25.00 -30.00 -0.916  1.230 -3.600  1.400 -0.600
 25.00 -25.00 -0.527  0.933 -1.800  1.800 -0.550
 25.00 -20.00 -0.259  0.677 -1.300  1.600 -0.300
 25.00 -15.00  0.250  0.581 -0.700  1.400  0.200
 25.00 -10.00  0.986  0.848 -0.600  2.600  1.100
 25.00  -5.00  1.224  1.459 -2.000  3.800  1.200
 25.00   0.00  1.371  1.502 -2.600  4.500  1.400
 25.00   5.00  0.957  0.985 -0.900  2.600  0.700
 25.00  10.00  0.262  1.372 -2.300  3.100  0.000
 25.00  15.00  0.457  1.945 -3.700  3.500  1.100
 25.00  20.00  0.700  1.835 -5.200  3.600  0.600
 25.00  25.00  1.073  1.895 -2.900  5.600  0.750
 25.00  30.00  1.450  1.478 -1.400  4.800  1.300
 25.00  35.00  2.241  0.848  0.600  4.100  2.050
 25.00  40.00  1.838  2.174 -1.600  6.100  1.600
 25.00  45.00  0.000  0.000  0.000  0.000  0.000
 30.00 -35.00 -0.247  1.134 -2.500  1.000 -0.100
 30.00 -30.00 -0.305  1.610 -6.500  1.000  0.000
 30.00 -25.00  0.855  0.670 -0.300  2.000  0.900
 30.00 -20.00  1.241  0.535 -0.100  2.400  1.250
 30.00 -15.00  1.395  0.368  0.700  1.900  1.400
 30.00 -10.00  1.500  0.642  0.200  2.800  1.650
 30.00  -5.00  1.400  0.886 -0.300  3.400  1.600
 30.00   0.00  1.276  1.041 -0.600  3.400  1.200
 30.00   5.00  0.676  0.603 -0.400  1.800  0.500
 30.00  10.00  0.305  0.769 -0.900  1.800  0.400
 30.00  15.00  0.443  0.651 -0.600  1.800  0.500
 30.00  20.00  0.919  0.593  0.000  1.900  0.800
 30.00  25.00  1.245  0.615  0.100  2.200  1.200
 30.00  30.00  1.636  0.847  0.500  3.600  1.400
 30.00  35.00  2.314  0.788  0.900  4.300  2.350
 30.00  40.00  2.468  1.689 -2.700  5.500  2.650
 30.00  45.00  4.267  2.438  1.500  6.100  5.200
 35.00 -35.00 -1.356  0.796 -3.100 -0.100 -1.200
 35.00 -30.00 -0.838  0.765 -2.600  0.500 -0.700
 35.00 -25.00  0.045  0.586 -0.900  1.300  0.000
 35.00 -20.00  1.018  0.547  0.200  2.100  0.950
 35.00 -15.00  1.409  0.456  0.500  2.100  1.450
 35.00 -10.00  1.191  0.442  0.500  2.200  1.150
 35.00  -5.00  1.041  0.591 -0.300  2.400  1.050
 35.00   0.00  1.009  0.665 -0.300  2.300  1.050
 35.00   5.00  0.741  0.601 -0.300  2.000  0.750
 35.00  10.00  0.514  0.462 -0.400  1.600  0.450
 35.00  15.00  0.662  0.557 -0.400  1.700  0.600
 35.00  20.00  0.881  0.660 -0.600  1.800  1.000
 35.00  25.00  0.995  0.648 -0.600  2.500  0.950
 35.00  30.00  1.095  0.647  0.100  2.000  1.250
 35.00  35.00  1.405  0.656  0.200  2.500  1.400
 35.00  40.00  1.655  1.330 -1.300  4.400  1.750
 35.00  45.00  1.900  1.854 -0.600  4.900  1.100
 40.00 -50.00  1.100  2.142 -1.800  5.700  0.700
 40.00 -45.00 -0.150  1.568 -3.000  1.800 -0.050
 40.00 -40.00  0.200  0.956 -1.400  2.400  0.300
 40.00 -35.00 -0.418  0.721 -1.500  1.000 -0.350
 40.00 -30.00 -0.464  0.586 -1.500  0.500 -0.500
 40.00 -25.00 -0.118  0.482 -1.200  1.000 -0.100
 40.00 -20.00  0.459  0.720 -0.600  2.600  0.350
 40.00 -15.00  1.164  0.462  0.300  2.100  1.150
 40.00 -10.00  1.441  0.490  0.600  2.400  1.450
 40.00  -5.00  1.477  0.449  0.800  2.500  1.400
 40.00   0.00  1.364  0.603  0.100  2.300  1.400
 40.00   5.00  1.223  0.479  0.200  2.000  1.300
 40.00  10.00  1.205  0.402  0.500  1.900  1.200
 40.00  15.00  1.309  0.468  0.300  2.100  1.350
 40.00  20.00  1.423  0.717 -0.100  2.500  1.650
 40.00  25.00  1.518  0.988 -0.300  3.300  1.450
 40.00  30.00  1.641  0.777  0.000  3.200  1.700
 40.00  35.00  1.568  0.692  0.600  3.200  1.350
 40.00  40.00  1.614  1.035 -1.100  3.500  1.650
 40.00  45.00  1.318  1.594 -1.400  3.600  1.700
 40.00  50.00 -2.200  0.000 -2.200 -2.200 -2.200
 45.00 -50.00 -0.459  1.420 -3.900  2.500 -0.400
 45.00 -45.00 -0.500  2.003 -4.800  2.300 -0.100
 45.00 -40.00  1.491  1.318 -0.700  4.300  1.200
 45.00 -35.00  0.705  1.188 -1.900  2.600  0.700
 45.00 -30.00  0.268  1.079 -1.600  2.200  0.300
 45.00 -25.00  0.191  1.294 -2.900  2.200  0.300
 45.00 -20.00  0.286  1.192 -2.900  2.200  0.450
 45.00 -15.00  0.859  0.701 -1.400  2.000  0.900
 45.00 -10.00  1.095  0.455  0.400  1.900  0.950
 45.00  -5.00  1.245  0.641  0.400  2.400  1.300
 45.00   0.00  1.100  0.510 -0.100  2.100  1.100
 45.00   5.00  1.132  0.391  0.300  1.900  1.200
 45.00  10.00  1.159  0.410  0.400  2.000  1.200
 45.00  15.00  1.223  0.422  0.600  2.100  1.150
 45.00  20.00  1.300  0.472  0.700  2.200  1.200
 45.00  25.00  1.455  0.683  0.100  3.200  1.300
 45.00  30.00  1.386  0.610  0.300  3.300  1.250
 45.00  35.00  1.441  0.744  0.200  2.800  1.500
 45.00  40.00  1.277  1.198 -1.700  2.900  1.350
 45.00  45.00  0.709  1.563 -1.600  2.900  0.500
 45.00  50.00 -4.300  0.000 -4.300 -4.300 -4.300
 50.00 -50.00 -1.112  1.751 -4.600  1.300 -1.200
 50.00 -45.00  0.032  1.328 -1.900  2.400 -0.300
 50.00 -40.00 -0.330  1.888 -3.900  3.300 -0.400
 50.00 -35.00 -0.362  1.356 -1.800  3.400 -0.900
 50.00 -30.00 -0.709  0.855 -3.100  0.400 -0.400
 50.00 -25.00 -0.418  1.295 -2.700  2.300 -0.400
 50.00 -20.00 -0.277  0.796 -2.000  1.500 -0.500
 50.00 -15.00 -0.136  0.639 -1.600  1.100 -0.050
 50.00 -10.00 -0.095  0.602 -1.100  1.300 -0.250
 50.00  -5.00 -0.173  0.580 -1.000  0.800 -0.050
 50.00   0.00 -0.173  0.615 -0.900  1.100 -0.200
 50.00   5.00 -0.132  0.541 -1.000  0.700  0.000
 50.00  10.00 -0.091  0.399 -0.800  0.600 -0.100
 50.00  15.00  0.205  0.440 -0.500  1.100  0.100
 50.00  20.00  0.464  0.382 -0.300  1.200  0.500
 50.00  25.00  0.568  0.607 -0.400  2.000  0.600
 50.00  30.00  0.505  0.736 -1.100  1.500  0.650
 50.00  35.00  0.009  1.119 -2.300  1.400  0.100
 50.00  40.00  0.157  1.690 -3.500  2.600  0.600
 50.00  45.00  0.069  2.003 -4.600  3.200  0.300
 50.00  50.00 -2.800  0.000 -2.800 -2.800 -2.800
 55.00 -50.00 -1.388  1.583 -3.500  1.700 -2.000
 55.00 -45.00 -1.500  1.436 -4.000  1.300 -1.900
 55.00 -40.00 -1.555  1.306 -4.100  1.000 -1.250
 55.00 -35.00 -1.852  1.439 -4.600  0.500 -1.700
 55.00 -30.00 -2.786  4.578 -21.200  0.400 -1.450
 55.00 -25.00 -2.114  2.433 -11.200  0.300 -1.300
 55.00 -20.00 -1.473  0.963 -4.200 -0.200 -1.200
 55.00 -15.00 -1.182  0.783 -2.900  0.000 -1.100
 55.00 -10.00 -1.323  0.619 -3.100 -0.400 -1.350
 55.00  -5.00 -1.345  0.667 -2.600 -0.300 -1.350
 55.00   0.00 -1.314  0.509 -2.100 -0.100 -1.400
 55.00   5.00 -1.268  0.478 -2.100  0.000 -1.300
 55.00  10.00 -1.164  0.499 -1.900 -0.100 -1.200
 55.00  15.00 -0.959  0.489 -1.700  0.200 -1.050
 55.00  20.00 -0.682  0.432 -1.400  0.300 -0.800
 55.00  25.00 -0.414  0.418 -1.100  0.400 -0.500
 55.00  30.00 -0.291  0.444 -1.000  0.600 -0.300
 55.00  35.00 -0.373  0.707 -1.800  0.900 -0.200
 55.00  40.00 -0.600  0.997 -3.200  1.100 -0.200
 55.00  45.00 -1.125  1.814 -6.300  1.500 -0.800
 55.00  50.00 -1.463  1.317 -2.400  0.700 -2.050
 60.00 -55.00 -2.069  1.298 -4.000  0.000 -2.300
 60.00 -50.00 -2.205  1.307 -4.400 -0.200 -1.700
 60.00 -45.00 -3.190  1.979 -10.000 -1.300 -2.900
 60.00 -40.00 -4.019  2.696 -14.000 -1.000 -3.300
 60.00 -35.00 -4.243  2.871 -12.300 -0.700 -3.200
 60.00 -30.00 -4.105  2.838 -15.400 -1.200 -3.450
 60.00 -25.00 -3.245  0.724 -5.000 -1.700 -3.200
 60.00 -20.00 -2.895  0.546 -4.000 -2.000 -2.850
 60.00 -15.00 -2.523  0.722 -3.700 -1.500 -2.450
 60.00 -10.00 -2.141  0.679 -3.300 -1.200 -2.100
 60.00  -5.00 -1.850  0.502 -2.700 -0.900 -1.900
 60.00   0.00 -1.536  0.526 -2.300 -0.500 -1.600
 60.00   5.00 -1.505  0.627 -2.300 -0.200 -1.650
 60.00  10.00 -1.409  0.731 -2.300 -0.200 -1.700
 60.00  15.00 -1.373  0.780 -2.300  0.200 -1.650
 60.00  20.00 -1.341  0.759 -2.300  0.100 -1.500
 60.00  25.00 -1.295  0.631 -2.100 -0.100 -1.500
 60.00  30.00 -1.150  0.611 -2.000  0.100 -1.350
 60.00  35.00 -1.023  0.609 -1.800  0.400 -1.350
 60.00  40.00 -0.923  0.624 -1.600  0.700 -1.200
 60.00  45.00 -1.076  0.916 -2.500  1.100 -1.200
 60.00  50.00 -1.300  1.112 -2.900  1.500 -1.350
