 15.00 -25.00 -2.425 -5.221  0.371  2.516  1.513  5.969 
 15.00 -20.00 -2.630 -4.251 -1.009  2.103  1.400  3.860 
 15.00 -15.00 -2.060 -3.172 -0.948  1.442  0.960  2.647 
 15.00 -10.00 -1.467 -21.620 18.687  1.818  0.707 49.450 
 20.00 -25.00 -1.826 -2.734 -0.918  1.139  0.751  2.134 
 20.00 -20.00 -1.568 -2.082 -1.054  0.709  0.480  1.255 
 20.00 -15.00 -1.282 -1.724 -0.839  0.611  0.413  1.081 
 20.00 -10.00 -0.668 -1.902  0.566  1.702  1.153  3.013 
 20.00  -5.00 -0.300 -6.676  6.076  1.383  0.606 13.899 
 20.00  15.00  0.050 -5.123  5.223  3.996  2.303 10.760 
 20.00  20.00 -1.194 -3.233  0.844  2.465  1.610  4.727 
 20.00  25.00 -1.677 -3.472  0.117  2.476  1.676  4.381 
 20.00  30.00 -1.668 -3.015 -0.322  1.858  1.258  3.288 
 20.00  35.00 -1.018 -2.592  0.556  1.831  1.183  3.602 
 20.00  40.00  0.000  0.000  0.000  0.000  0.000  0.000 
 25.00 -30.00 -0.916 -1.897  0.065  1.230  0.811  2.305 
 25.00 -25.00 -0.527 -1.203  0.149  0.933  0.631  1.650 
 25.00 -20.00 -0.259 -0.750  0.232  0.677  0.459  1.198 
 25.00 -15.00  0.250 -0.171  0.671  0.581  0.394  1.029 
 25.00 -10.00  0.986  0.372  1.601  0.848  0.574  1.501 
 25.00  -5.00  1.224  0.134  2.313  1.459  0.980  2.627 
 25.00   0.00  1.371  0.250  2.493  1.502  1.009  2.705 
 25.00   5.00  0.957  0.222  1.692  0.985  0.661  1.773 
 25.00  10.00  0.262 -0.763  1.287  1.372  0.922  2.471 
 25.00  15.00  0.457 -0.995  1.909  1.945  1.306  3.502 
 25.00  20.00  0.700 -0.670  2.070  1.835  1.232  3.305 
 25.00  25.00  1.073 -0.301  2.446  1.895  1.283  3.353 
 25.00  30.00  1.450  0.379  2.521  1.478  1.001  2.615 
 25.00  35.00  2.241  1.626  2.855  0.848  0.574  1.500 
 25.00  40.00  1.838 -0.431  4.108  2.174  1.330  4.912 
 25.00  45.00  0.000  0.000  0.000  0.000  0.000  0.000 
 30.00 -35.00 -0.247 -1.222  0.728  1.134  0.733  2.231 
 30.00 -30.00 -0.305 -1.507  0.897  1.610  1.081  2.899 
 30.00 -25.00  0.855  0.369  1.340  0.670  0.453  1.185 
 30.00 -20.00  1.241  0.853  1.629  0.535  0.362  0.947 
 30.00 -15.00  1.395  1.128  1.662  0.368  0.249  0.652 
 30.00 -10.00  1.500  1.035  1.965  0.642  0.435  1.136 
 30.00  -5.00  1.400  0.758  2.042  0.886  0.600  1.568 
 30.00   0.00  1.276  0.499  2.053  1.041  0.699  1.874 
 30.00   5.00  0.676  0.226  1.127  0.603  0.405  1.086 
 30.00  10.00  0.305 -0.270  0.879  0.769  0.516  1.385 
 30.00  15.00  0.443 -0.043  0.929  0.651  0.437  1.172 
 30.00  20.00  0.919  0.476  1.362  0.593  0.398  1.068 
 30.00  25.00  1.245  0.800  1.691  0.615  0.416  1.088 
 30.00  30.00  1.636  1.022  2.250  0.847  0.574  1.499 
 30.00  35.00  2.314  1.742  2.885  0.788  0.534  1.395 
 30.00  40.00  2.468  1.244  3.693  1.689  1.144  2.989 
 30.00  45.00  4.267 -22.766 31.300  2.438  0.948 66.329 
 35.00 -35.00 -1.356 -2.013 -0.698  0.796  0.520  1.526 
 35.00 -30.00 -0.838 -1.409 -0.267  0.765  0.513  1.377 
 35.00 -25.00  0.045 -0.379  0.470  0.586  0.397  1.037 
 35.00 -20.00  1.018  0.621  1.415  0.547  0.371  0.969 
 35.00 -15.00  1.409  1.079  1.739  0.456  0.308  0.806 
 35.00 -10.00  1.191  0.871  1.511  0.442  0.299  0.782 
 35.00  -5.00  1.041  0.613  1.469  0.591  0.400  1.046 
 35.00   0.00  1.009  0.527  1.491  0.665  0.450  1.176 
 35.00   5.00  0.741  0.305  1.177  0.601  0.407  1.064 
 35.00  10.00  0.514  0.179  0.849  0.462  0.313  0.818 
 35.00  15.00  0.662  0.246  1.078  0.557  0.374  1.003 
 35.00  20.00  0.881  0.388  1.374  0.660  0.443  1.188 
 35.00  25.00  0.995  0.525  1.465  0.648  0.439  1.147 
 35.00  30.00  1.095  0.627  1.564  0.647  0.438  1.145 
 35.00  35.00  1.405  0.929  1.880  0.656  0.444  1.160 
 35.00  40.00  1.655  0.690  2.619  1.330  0.900  2.354 
 35.00  45.00  1.900 -0.500  4.300  1.854  1.068  4.991 
 40.00 -50.00  1.100 -1.455  3.655  2.142  1.262  5.382 
 40.00 -45.00 -0.150 -1.893  1.593  1.568  0.943  3.720 
 40.00 -40.00  0.200 -0.590  0.990  0.956  0.624  1.833 
 40.00 -35.00 -0.418 -0.941  0.104  0.721  0.488  1.276 
 40.00 -30.00 -0.464 -0.888 -0.039  0.586  0.397  1.037 
 40.00 -25.00 -0.118 -0.467  0.231  0.482  0.326  0.852 
 40.00 -20.00  0.459 -0.062  0.981  0.720  0.487  1.273 
 40.00 -15.00  1.164  0.828  1.499  0.462  0.313  0.818 
 40.00 -10.00  1.441  1.086  1.796  0.490  0.331  0.866 
 40.00  -5.00  1.477  1.152  1.803  0.449  0.304  0.795 
 40.00   0.00  1.364  0.927  1.801  0.603  0.408  1.067 
 40.00   5.00  1.223  0.876  1.570  0.479  0.324  0.848 
 40.00  10.00  1.205  0.913  1.496  0.402  0.272  0.711 
 40.00  15.00  1.309  0.970  1.648  0.468  0.317  0.828 
 40.00  20.00  1.423  0.903  1.942  0.717  0.485  1.269 
 40.00  25.00  1.518  0.802  2.234  0.988  0.669  1.748 
 40.00  30.00  1.641  1.077  2.204  0.777  0.526  1.376 
 40.00  35.00  1.568  1.067  2.070  0.692  0.468  1.224 
 40.00  40.00  1.614  0.864  2.364  1.035  0.701  1.831 
 40.00  45.00  1.318 -0.584  3.220  1.594  0.940  4.006 
 40.00  50.00  0.000  0.000  0.000  0.000  0.000  0.000 
 45.00 -50.00 -0.459 -1.679  0.762  1.420  0.917  2.793 
 45.00 -45.00 -0.500 -2.044  1.044  2.003  1.333  3.676 
 45.00 -40.00  1.491  0.536  2.446  1.318  0.892  2.332 
 45.00 -35.00  0.705 -0.156  1.566  1.188  0.804  2.102 
 45.00 -30.00  0.268 -0.514  1.050  1.079  0.730  1.909 
 45.00 -25.00  0.191 -0.747  1.129  1.294  0.876  2.290 
 45.00 -20.00  0.286 -0.578  1.150  1.192  0.807  2.110 
 45.00 -15.00  0.859  0.351  1.368  0.701  0.475  1.241 
 45.00 -10.00  1.095  0.766  1.425  0.455  0.308  0.805 
 45.00  -5.00  1.245  0.781  1.710  0.641  0.434  1.135 
 45.00   0.00  1.100  0.730  1.470  0.510  0.345  0.902 
 45.00   5.00  1.132  0.849  1.415  0.391  0.265  0.692 
 45.00  10.00  1.159  0.862  1.456  0.410  0.278  0.726 
 45.00  15.00  1.223  0.917  1.529  0.422  0.286  0.747 
 45.00  20.00  1.300  0.958  1.642  0.472  0.320  0.835 
 45.00  25.00  1.455  0.960  1.950  0.683  0.462  1.208 
 45.00  30.00  1.386  0.944  1.828  0.610  0.413  1.079 
 45.00  35.00  1.441  0.902  1.980  0.744  0.503  1.316 
 45.00  40.00  1.277  0.409  2.146  1.198  0.811  2.121 
 45.00  45.00  0.709 -1.156  2.574  1.563  0.921  3.927 
 45.00  50.00  0.000  0.000  0.000  0.000  0.000  0.000 
 50.00 -50.00 -1.112 -2.617  0.393  1.751  1.131  3.444 
 50.00 -45.00  0.032 -1.027  1.090  1.328  0.876  2.488 
 50.00 -40.00 -0.330 -1.785  1.125  1.888  1.257  3.465 
 50.00 -35.00 -0.362 -1.375  0.651  1.356  0.911  2.442 
 50.00 -30.00 -0.709 -1.329 -0.089  0.855  0.579  1.513 
 50.00 -25.00 -0.418 -1.356  0.520  1.295  0.876  2.291 
 50.00 -20.00 -0.277 -0.854  0.300  0.796  0.539  1.408 
 50.00 -15.00 -0.136 -0.599  0.327  0.639  0.432  1.130 
 50.00 -10.00 -0.095 -0.532  0.341  0.602  0.408  1.065 
 50.00  -5.00 -0.173 -0.593  0.248  0.580  0.393  1.026 
 50.00   0.00 -0.173 -0.619  0.273  0.615  0.416  1.088 
 50.00   5.00 -0.132 -0.524  0.260  0.541  0.366  0.957 
 50.00  10.00 -0.091 -0.380  0.198  0.399  0.270  0.705 
 50.00  15.00  0.205 -0.115  0.524  0.440  0.298  0.779 
 50.00  20.00  0.464  0.186  0.741  0.382  0.259  0.677 
 50.00  25.00  0.568  0.128  1.008  0.607  0.411  1.075 
 50.00  30.00  0.505 -0.029  1.038  0.736  0.499  1.303 
 50.00  35.00  0.009 -0.802  0.820  1.119  0.757  1.979 
 50.00  40.00  0.157 -1.105  1.420  1.690  1.135  3.044 
 50.00  45.00  0.069 -1.727  1.865  2.003  1.279  4.053 
 50.00  50.00  0.000  0.000  0.000  0.000  0.000  0.000 
 55.00 -50.00 -1.388 -2.749 -0.028  1.583  1.022  3.113 
 55.00 -45.00 -1.500 -2.607 -0.393  1.436  0.956  2.636 
 55.00 -40.00 -1.555 -2.561 -0.549  1.306  0.869  2.396 
 55.00 -35.00 -1.852 -2.927 -0.778  1.439  0.966  2.590 
 55.00 -30.00 -2.786 -6.105  0.532  4.578  3.099  8.101 
 55.00 -25.00 -2.114 -3.877 -0.350  2.433  1.647  4.305 
 55.00 -20.00 -1.473 -2.171 -0.775  0.963  0.652  1.704 
 55.00 -15.00 -1.182 -1.749 -0.614  0.783  0.530  1.385 
 55.00 -10.00 -1.323 -1.772 -0.874  0.619  0.419  1.096 
 55.00  -5.00 -1.345 -1.829 -0.862  0.667  0.451  1.180 
 55.00   0.00 -1.314 -1.683 -0.945  0.509  0.345  0.901 
 55.00   5.00 -1.268 -1.615 -0.921  0.478  0.324  0.847 
 55.00  10.00 -1.164 -1.525 -0.802  0.499  0.338  0.883 
 55.00  15.00 -0.959 -1.313 -0.605  0.489  0.331  0.865 
 55.00  20.00 -0.682 -0.995 -0.369  0.432  0.292  0.764 
 55.00  25.00 -0.414 -0.716 -0.111  0.418  0.283  0.739 
 55.00  30.00 -0.291 -0.613  0.031  0.444  0.301  0.785 
 55.00  35.00 -0.373 -0.885  0.139  0.707  0.478  1.250 
 55.00  40.00 -0.600 -1.345  0.145  0.997  0.670  1.795 
 55.00  45.00 -1.125 -2.752  0.502  1.814  1.158  3.672 
 55.00  50.00 -1.463 -3.572  0.647  1.317  0.717  4.301 
 60.00 -55.00 -2.069 -3.424 -0.714  1.298  0.794  2.932 
 60.00 -50.00 -2.205 -3.247 -1.163  1.307  0.862  2.449 
 60.00 -45.00 -3.190 -4.668 -1.713  1.979  1.329  3.563 
 60.00 -40.00 -4.019 -6.032 -2.006  2.696  1.811  4.855 
 60.00 -35.00 -4.243 -6.387 -2.099  2.871  1.928  5.170 
 60.00 -30.00 -4.105 -6.162 -2.047  2.838  1.922  5.023 
 60.00 -25.00 -3.245 -3.770 -2.721  0.724  0.490  1.282 
 60.00 -20.00 -2.895 -3.291 -2.500  0.546  0.369  0.965 
 60.00 -15.00 -2.523 -3.046 -2.000  0.722  0.489  1.277 
 60.00 -10.00 -2.141 -2.633 -1.648  0.679  0.460  1.202 
 60.00  -5.00 -1.850 -2.214 -1.486  0.502  0.340  0.889 
 60.00   0.00 -1.536 -1.918 -1.155  0.526  0.356  0.931 
 60.00   5.00 -1.505 -1.959 -1.050  0.627  0.424  1.109 
 60.00  10.00 -1.409 -1.939 -0.879  0.731  0.495  1.293 
 60.00  15.00 -1.373 -1.938 -0.807  0.780  0.528  1.381 
 60.00  20.00 -1.341 -1.891 -0.790  0.759  0.514  1.344 
 60.00  25.00 -1.295 -1.752 -0.838  0.631  0.427  1.116 
 60.00  30.00 -1.150 -1.593 -0.707  0.611  0.414  1.081 
 60.00  35.00 -1.023 -1.464 -0.582  0.609  0.412  1.077 
 60.00  40.00 -0.923 -1.375 -0.470  0.624  0.422  1.104 
 60.00  45.00 -1.076 -1.760 -0.392  0.916  0.615  1.649 
 60.00  50.00 -1.300 -2.398 -0.202  1.112  0.691  2.410 
