 15.00 -25.00  0.003  0.003  0.002  0.013  0.002
 15.00 -20.00  0.012  0.006  0.004  0.024  0.011
 15.00 -15.00  0.014  0.007  0.004  0.027  0.014
 15.00 -10.00  0.009  0.007  0.001  0.013  0.013
 20.00 -25.00  0.011  0.010  0.002  0.031  0.006
 20.00 -20.00  0.027  0.008  0.006  0.040  0.027
 20.00 -15.00  0.027  0.006  0.017  0.040  0.026
 20.00 -10.00  0.017  0.008  0.004  0.029  0.015
 20.00  -5.00  0.005  0.005  0.001  0.013  0.004
 20.00  15.00  0.001  0.000  0.001  0.001  0.001
 20.00  20.00  0.001  0.000  0.001  0.001  0.001
 20.00  25.00  0.007  0.005  0.001  0.017  0.006
 20.00  30.00  0.010  0.006  0.001  0.024  0.010
 20.00  35.00  0.006  0.006  0.001  0.022  0.004
 20.00  40.00  0.001  0.000  0.001  0.001  0.001
 25.00 -30.00  0.004  0.004  0.002  0.013  0.002
 25.00 -25.00  0.025  0.009  0.006  0.039  0.023
 25.00 -20.00  0.042  0.007  0.026  0.051  0.044
 25.00 -15.00  0.042  0.007  0.031  0.051  0.039
 25.00 -10.00  0.033  0.006  0.023  0.045  0.032
 25.00  -5.00  0.019  0.009  0.004  0.030  0.020
 25.00   0.00  0.006  0.006  0.001  0.022  0.004
 25.00   5.00  0.004  0.004  0.001  0.014  0.004
 25.00  10.00  0.004  0.004  0.001  0.014  0.004
 25.00  15.00  0.005  0.005  0.001  0.017  0.001
 25.00  20.00  0.007  0.007  0.001  0.022  0.004
 25.00  25.00  0.017  0.008  0.004  0.029  0.017
 25.00  30.00  0.023  0.007  0.005  0.035  0.023
 25.00  35.00  0.020  0.007  0.005  0.033  0.020
 25.00  40.00  0.005  0.005  0.002  0.016  0.005
 25.00  45.00  0.002  0.000  0.002  0.002  0.002
 30.00 -35.00  0.002  0.000  0.002  0.002  0.002
 30.00 -30.00  0.010  0.009  0.002  0.031  0.005
 30.00 -25.00  0.037  0.005  0.028  0.044  0.037
 30.00 -20.00  0.047  0.007  0.034  0.058  0.048
 30.00 -15.00  0.049  0.005  0.041  0.057  0.048
 30.00 -10.00  0.044  0.006  0.035  0.055  0.044
 30.00  -5.00  0.036  0.006  0.026  0.048  0.036
 30.00   0.00  0.028  0.008  0.012  0.039  0.029
 30.00   5.00  0.026  0.010  0.002  0.036  0.028
 30.00  10.00  0.027  0.010  0.004  0.041  0.029
 30.00  15.00  0.031  0.007  0.012  0.041  0.032
 30.00  20.00  0.031  0.009  0.006  0.041  0.034
 30.00  25.00  0.034  0.007  0.024  0.045  0.032
 30.00  30.00  0.036  0.006  0.025  0.044  0.039
 30.00  35.00  0.034  0.005  0.022  0.042  0.035
 30.00  40.00  0.015  0.009  0.002  0.029  0.016
 30.00  45.00  0.003  0.002  0.002  0.006  0.002
 35.00 -35.00  0.010  0.006  0.005  0.026  0.009
 35.00 -30.00  0.029  0.007  0.014  0.044  0.031
 35.00 -25.00  0.042  0.006  0.026  0.051  0.044
 35.00 -20.00  0.049  0.005  0.040  0.058  0.050
 35.00 -15.00  0.050  0.005  0.040  0.057  0.050
 35.00 -10.00  0.053  0.007  0.042  0.068  0.053
 35.00  -5.00  0.052  0.007  0.043  0.068  0.050
 35.00   0.00  0.049  0.006  0.037  0.067  0.049
 35.00   5.00  0.050  0.007  0.037  0.058  0.050
 35.00  10.00  0.051  0.008  0.035  0.068  0.050
 35.00  15.00  0.053  0.008  0.039  0.067  0.056
 35.00  20.00  0.050  0.007  0.038  0.067  0.049
 35.00  25.00  0.049  0.006  0.038  0.066  0.050
 35.00  30.00  0.049  0.008  0.036  0.063  0.050
 35.00  35.00  0.046  0.006  0.034  0.057  0.046
 35.00  40.00  0.029  0.010  0.008  0.043  0.033
 35.00  45.00  0.002  0.000  0.002  0.002  0.002
 40.00 -50.00  0.002  0.000  0.002  0.002  0.002
 40.00 -45.00  0.002  0.000  0.002  0.002  0.002
 40.00 -40.00  0.002  0.001  0.002  0.006  0.002
 40.00 -35.00  0.016  0.007  0.006  0.026  0.019
 40.00 -30.00  0.024  0.010  0.006  0.044  0.024
 40.00 -25.00  0.034  0.009  0.018  0.050  0.035
 40.00 -20.00  0.042  0.007  0.031  0.056  0.043
 40.00 -15.00  0.047  0.005  0.038  0.056  0.049
 40.00 -10.00  0.053  0.005  0.044  0.058  0.056
 40.00  -5.00  0.061  0.007  0.049  0.070  0.063
 40.00   0.00  0.066  0.007  0.052  0.079  0.068
 40.00   5.00  0.074  0.012  0.056  0.099  0.070
 40.00  10.00  0.076  0.011  0.056  0.099  0.075
 40.00  15.00  0.073  0.011  0.056  0.097  0.069
 40.00  20.00  0.068  0.006  0.056  0.082  0.068
 40.00  25.00  0.058  0.009  0.042  0.076  0.057
 40.00  30.00  0.052  0.006  0.040  0.065  0.052
 40.00  35.00  0.044  0.010  0.020  0.058  0.045
 40.00  40.00  0.027  0.013  0.008  0.049  0.026
 40.00  45.00  0.007  0.009  0.002  0.030  0.002
 40.00  50.00  0.002  0.000  0.002  0.002  0.002
 45.00 -50.00  0.002  0.000  0.002  0.002  0.002
 45.00 -45.00  0.002  0.000  0.002  0.002  0.002
 45.00 -40.00  0.002  0.000  0.002  0.002  0.002
 45.00 -35.00  0.005  0.005  0.002  0.018  0.005
 45.00 -30.00  0.014  0.008  0.005  0.028  0.014
 45.00 -25.00  0.018  0.009  0.006  0.039  0.017
 45.00 -20.00  0.027  0.010  0.006  0.044  0.028
 45.00 -15.00  0.041  0.006  0.031  0.051  0.039
 45.00 -10.00  0.056  0.006  0.042  0.070  0.057
 45.00  -5.00  0.068  0.008  0.052  0.088  0.068
 45.00   0.00  0.083  0.009  0.064  0.098  0.086
 45.00   5.00  0.091  0.014  0.076  0.130  0.086
 45.00  10.00  0.100  0.018  0.075  0.132  0.089
 45.00  15.00  0.092  0.016  0.075  0.133  0.087
 45.00  20.00  0.083  0.009  0.063  0.100  0.085
 45.00  25.00  0.069  0.012  0.048  0.099  0.068
 45.00  30.00  0.057  0.009  0.042  0.069  0.056
 45.00  35.00  0.038  0.009  0.023  0.058  0.039
 45.00  40.00  0.015  0.011  0.003  0.041  0.008
 45.00  45.00  0.003  0.002  0.002  0.007  0.002
 45.00  50.00  0.002  0.000  0.002  0.002  0.002
 50.00 -50.00  0.002  0.000  0.002  0.003  0.002
 50.00 -45.00  0.002  0.000  0.002  0.002  0.002
 50.00 -40.00  0.002  0.000  0.002  0.002  0.002
 50.00 -35.00  0.002  0.000  0.002  0.002  0.002
 50.00 -30.00  0.002  0.001  0.002  0.005  0.002
 50.00 -25.00  0.004  0.005  0.002  0.019  0.002
 50.00 -20.00  0.018  0.010  0.005  0.034  0.020
 50.00 -15.00  0.038  0.007  0.024  0.050  0.039
 50.00 -10.00  0.053  0.007  0.039  0.059  0.057
 50.00  -5.00  0.067  0.006  0.052  0.082  0.070
 50.00   0.00  0.084  0.009  0.062  0.099  0.087
 50.00   5.00  0.094  0.012  0.078  0.118  0.088
 50.00  10.00  0.108  0.017  0.087  0.136  0.116
 50.00  15.00  0.106  0.018  0.078  0.136  0.115
 50.00  20.00  0.094  0.013  0.077  0.118  0.088
 50.00  25.00  0.084  0.007  0.069  0.088  0.087
 50.00  30.00  0.063  0.013  0.038  0.088  0.062
 50.00  35.00  0.032  0.015  0.009  0.062  0.029
 50.00  40.00  0.006  0.006  0.003  0.024  0.003
 50.00  45.00  0.003  0.001  0.002  0.008  0.003
 50.00  50.00  0.002  0.000  0.002  0.002  0.002
 55.00 -50.00  0.002  0.000  0.002  0.003  0.002
 55.00 -45.00  0.002  0.000  0.002  0.002  0.002
 55.00 -40.00  0.002  0.000  0.002  0.002  0.002
 55.00 -35.00  0.002  0.000  0.002  0.002  0.002
 55.00 -30.00  0.003  0.004  0.002  0.019  0.002
 55.00 -25.00  0.010  0.007  0.002  0.028  0.006
 55.00 -20.00  0.026  0.009  0.006  0.038  0.030
 55.00 -15.00  0.036  0.007  0.018  0.044  0.038
 55.00 -10.00  0.046  0.006  0.034  0.057  0.048
 55.00  -5.00  0.056  0.007  0.041  0.069  0.056
 55.00   0.00  0.065  0.008  0.050  0.082  0.067
 55.00   5.00  0.076  0.009  0.060  0.099  0.076
 55.00  10.00  0.081  0.009  0.067  0.098  0.083
 55.00  15.00  0.084  0.009  0.061  0.102  0.085
 55.00  20.00  0.085  0.008  0.070  0.101  0.086
 55.00  25.00  0.082  0.011  0.070  0.102  0.084
 55.00  30.00  0.070  0.007  0.061  0.088  0.070
 55.00  35.00  0.055  0.012  0.024  0.070  0.057
 55.00  40.00  0.021  0.016  0.003  0.057  0.023
 55.00  45.00  0.007  0.009  0.003  0.034  0.003
 55.00  50.00  0.004  0.002  0.002  0.007  0.002
 60.00 -55.00  0.002  0.000  0.002  0.002  0.002
 60.00 -50.00  0.002  0.000  0.002  0.003  0.002
 60.00 -45.00  0.004  0.002  0.002  0.007  0.002
 60.00 -40.00  0.003  0.001  0.002  0.007  0.002
 60.00 -35.00  0.009  0.006  0.002  0.025  0.007
 60.00 -30.00  0.020  0.008  0.006  0.033  0.021
 60.00 -25.00  0.030  0.004  0.021  0.039  0.029
 60.00 -20.00  0.034  0.004  0.026  0.040  0.035
 60.00 -15.00  0.039  0.005  0.031  0.047  0.040
 60.00 -10.00  0.044  0.005  0.035  0.053  0.045
 60.00  -5.00  0.049  0.004  0.040  0.056  0.049
 60.00   0.00  0.053  0.006  0.042  0.064  0.054
 60.00   5.00  0.056  0.006  0.043  0.068  0.056
 60.00  10.00  0.061  0.005  0.049  0.070  0.062
 60.00  15.00  0.063  0.007  0.053  0.081  0.063
 60.00  20.00  0.062  0.006  0.049  0.070  0.063
 60.00  25.00  0.061  0.007  0.050  0.071  0.064
 60.00  30.00  0.057  0.007  0.039  0.069  0.056
 60.00  35.00  0.052  0.009  0.031  0.068  0.051
 60.00  40.00  0.038  0.011  0.003  0.059  0.037
 60.00  45.00  0.018  0.013  0.002  0.050  0.023
 60.00  50.00  0.005  0.006  0.002  0.023  0.002
