 15.00 -25.00  0.003 -0.001  0.006  0.003  0.002  0.008 
 15.00 -20.00  0.012  0.008  0.016  0.006  0.004  0.010 
 15.00 -15.00  0.014  0.008  0.019  0.007  0.005  0.013 
 15.00 -10.00  0.009 -0.065  0.082  0.007  0.003  0.181 
 20.00 -25.00  0.011  0.003  0.020  0.010  0.007  0.019 
 20.00 -20.00  0.027  0.021  0.033  0.008  0.006  0.015 
 20.00 -15.00  0.027  0.023  0.032  0.006  0.004  0.011 
 20.00 -10.00  0.017  0.012  0.023  0.008  0.005  0.014 
 20.00  -5.00  0.005 -0.017  0.028  0.005  0.002  0.050 
 20.00  15.00  0.001  0.001  0.001  0.000  0.000  0.000 
 20.00  20.00  0.001  0.001  0.001  0.000  0.000  0.000 
 20.00  25.00  0.007  0.003  0.010  0.005  0.003  0.008 
 20.00  30.00  0.010  0.006  0.014  0.006  0.004  0.011 
 20.00  35.00  0.006  0.001  0.011  0.006  0.004  0.011 
 20.00  40.00  0.000  0.000  0.000  0.000  0.000  0.000 
 25.00 -30.00  0.004  0.001  0.007  0.004  0.003  0.007 
 25.00 -25.00  0.025  0.018  0.031  0.009  0.006  0.016 
 25.00 -20.00  0.042  0.037  0.047  0.007  0.004  0.012 
 25.00 -15.00  0.042  0.037  0.047  0.007  0.004  0.012 
 25.00 -10.00  0.033  0.028  0.037  0.006  0.004  0.011 
 25.00  -5.00  0.019  0.012  0.026  0.009  0.006  0.016 
 25.00   0.00  0.006  0.002  0.011  0.006  0.004  0.011 
 25.00   5.00  0.004  0.001  0.007  0.004  0.003  0.008 
 25.00  10.00  0.004  0.001  0.007  0.004  0.003  0.007 
 25.00  15.00  0.005  0.001  0.009  0.005  0.004  0.009 
 25.00  20.00  0.007  0.002  0.012  0.007  0.004  0.012 
 25.00  25.00  0.017  0.012  0.023  0.008  0.005  0.014 
 25.00  30.00  0.023  0.018  0.029  0.007  0.005  0.013 
 25.00  35.00  0.020  0.015  0.025  0.007  0.005  0.012 
 25.00  40.00  0.005  0.000  0.011  0.005  0.003  0.012 
 25.00  45.00  0.000  0.000  0.000  0.000  0.000  0.000 
 30.00 -35.00  0.002  0.002  0.002  0.000  0.000  0.000 
 30.00 -30.00  0.010  0.003  0.017  0.009  0.006  0.017 
 30.00 -25.00  0.037  0.034  0.041  0.005  0.003  0.008 
 30.00 -20.00  0.047  0.042  0.053  0.007  0.005  0.013 
 30.00 -15.00  0.049  0.045  0.053  0.005  0.003  0.009 
 30.00 -10.00  0.044  0.040  0.048  0.006  0.004  0.011 
 30.00  -5.00  0.036  0.032  0.040  0.006  0.004  0.010 
 30.00   0.00  0.028  0.022  0.034  0.008  0.005  0.014 
 30.00   5.00  0.026  0.019  0.034  0.010  0.007  0.018 
 30.00  10.00  0.027  0.020  0.035  0.010  0.006  0.017 
 30.00  15.00  0.031  0.025  0.036  0.007  0.005  0.013 
 30.00  20.00  0.031  0.024  0.037  0.009  0.006  0.016 
 30.00  25.00  0.034  0.029  0.039  0.007  0.005  0.012 
 30.00  30.00  0.036  0.032  0.041  0.006  0.004  0.011 
 30.00  35.00  0.034  0.030  0.038  0.005  0.003  0.009 
 30.00  40.00  0.015  0.009  0.022  0.009  0.006  0.016 
 30.00  45.00  0.003 -0.024  0.031  0.002  0.001  0.068 
 35.00 -35.00  0.010  0.005  0.015  0.006  0.004  0.011 
 35.00 -30.00  0.029  0.024  0.035  0.007  0.005  0.013 
 35.00 -25.00  0.042  0.038  0.047  0.006  0.004  0.011 
 35.00 -20.00  0.049  0.046  0.053  0.005  0.004  0.009 
 35.00 -15.00  0.050  0.046  0.054  0.005  0.003  0.009 
 35.00 -10.00  0.053  0.048  0.058  0.007  0.005  0.012 
 35.00  -5.00  0.052  0.047  0.058  0.007  0.005  0.013 
 35.00   0.00  0.049  0.045  0.054  0.006  0.004  0.011 
 35.00   5.00  0.050  0.044  0.055  0.007  0.005  0.012 
 35.00  10.00  0.051  0.045  0.056  0.008  0.005  0.014 
 35.00  15.00  0.053  0.047  0.059  0.008  0.006  0.015 
 35.00  20.00  0.050  0.045  0.056  0.007  0.005  0.013 
 35.00  25.00  0.049  0.044  0.054  0.006  0.004  0.011 
 35.00  30.00  0.049  0.043  0.055  0.008  0.006  0.014 
 35.00  35.00  0.046  0.041  0.050  0.006  0.004  0.011 
 35.00  40.00  0.029  0.022  0.036  0.010  0.007  0.017 
 35.00  45.00  0.002  0.002  0.003  0.000  0.000  0.000 
 40.00 -50.00  0.002  0.002  0.002  0.000  0.000  0.000 
 40.00 -45.00  0.002  0.002  0.002  0.000  0.000  0.000 
 40.00 -40.00  0.002  0.001  0.004  0.001  0.001  0.003 
 40.00 -35.00  0.016  0.011  0.020  0.007  0.004  0.012 
 40.00 -30.00  0.024  0.017  0.031  0.010  0.006  0.017 
 40.00 -25.00  0.034  0.028  0.041  0.009  0.006  0.016 
 40.00 -20.00  0.042  0.037  0.047  0.007  0.005  0.012 
 40.00 -15.00  0.047  0.043  0.050  0.005  0.003  0.009 
 40.00 -10.00  0.053  0.050  0.057  0.005  0.003  0.008 
 40.00  -5.00  0.061  0.056  0.066  0.007  0.005  0.012 
 40.00   0.00  0.066  0.061  0.071  0.007  0.005  0.012 
 40.00   5.00  0.074  0.066  0.083  0.012  0.008  0.021 
 40.00  10.00  0.076  0.068  0.084  0.011  0.007  0.019 
 40.00  15.00  0.073  0.065  0.081  0.011  0.007  0.019 
 40.00  20.00  0.068  0.064  0.073  0.006  0.004  0.011 
 40.00  25.00  0.058  0.052  0.065  0.009  0.006  0.016 
 40.00  30.00  0.052  0.047  0.056  0.006  0.004  0.011 
 40.00  35.00  0.044  0.037  0.051  0.010  0.007  0.017 
 40.00  40.00  0.027  0.018  0.036  0.013  0.008  0.022 
 40.00  45.00  0.007 -0.003  0.018  0.009  0.005  0.022 
 40.00  50.00  0.000  0.000  0.000  0.000  0.000  0.000 
 45.00 -50.00  0.002  0.002  0.002  0.000  0.000  0.000 
 45.00 -45.00  0.002  0.002  0.002  0.000  0.000  0.000 
 45.00 -40.00  0.002  0.002  0.002  0.000  0.000  0.000 
 45.00 -35.00  0.005  0.002  0.009  0.005  0.003  0.008 
 45.00 -30.00  0.014  0.008  0.020  0.008  0.006  0.015 
 45.00 -25.00  0.018  0.011  0.025  0.009  0.006  0.017 
 45.00 -20.00  0.027  0.020  0.034  0.010  0.007  0.017 
 45.00 -15.00  0.041  0.037  0.046  0.006  0.004  0.011 
 45.00 -10.00  0.056  0.051  0.060  0.006  0.004  0.011 
 45.00  -5.00  0.068  0.062  0.074  0.008  0.005  0.014 
 45.00   0.00  0.083  0.077  0.090  0.009  0.006  0.017 
 45.00   5.00  0.091  0.081  0.102  0.014  0.009  0.025 
 45.00  10.00  0.100  0.086  0.113  0.018  0.012  0.032 
 45.00  15.00  0.092  0.081  0.103  0.016  0.011  0.027 
 45.00  20.00  0.083  0.077  0.090  0.009  0.006  0.016 
 45.00  25.00  0.069  0.060  0.078  0.012  0.008  0.021 
 45.00  30.00  0.057  0.051  0.063  0.009  0.006  0.015 
 45.00  35.00  0.038  0.032  0.045  0.009  0.006  0.017 
 45.00  40.00  0.015  0.007  0.023  0.011  0.008  0.020 
 45.00  45.00  0.003  0.001  0.006  0.002  0.001  0.005 
 45.00  50.00  0.000  0.000  0.000  0.000  0.000  0.000 
 50.00 -50.00  0.002  0.002  0.003  0.000  0.000  0.000 
 50.00 -45.00  0.002  0.002  0.002  0.000  0.000  0.000 
 50.00 -40.00  0.002  0.002  0.002  0.000  0.000  0.000 
 50.00 -35.00  0.002  0.002  0.002  0.000  0.000  0.000 
 50.00 -30.00  0.002  0.001  0.002  0.001  0.000  0.001 
 50.00 -25.00  0.004  0.000  0.007  0.005  0.003  0.008 
 50.00 -20.00  0.018  0.011  0.025  0.010  0.006  0.017 
 50.00 -15.00  0.038  0.033  0.043  0.007  0.005  0.012 
 50.00 -10.00  0.053  0.048  0.058  0.007  0.005  0.012 
 50.00  -5.00  0.067  0.063  0.072  0.006  0.004  0.011 
 50.00   0.00  0.084  0.078  0.091  0.009  0.006  0.016 
 50.00   5.00  0.094  0.085  0.103  0.012  0.008  0.022 
 50.00  10.00  0.108  0.095  0.120  0.017  0.012  0.031 
 50.00  15.00  0.106  0.093  0.120  0.018  0.012  0.033 
 50.00  20.00  0.094  0.085  0.104  0.013  0.009  0.024 
 50.00  25.00  0.084  0.079  0.089  0.007  0.004  0.012 
 50.00  30.00  0.063  0.054  0.073  0.013  0.009  0.023 
 50.00  35.00  0.032  0.022  0.043  0.015  0.010  0.027 
 50.00  40.00  0.006  0.002  0.011  0.006  0.004  0.011 
 50.00  45.00  0.003  0.002  0.004  0.001  0.001  0.003 
 50.00  50.00  0.000  0.000  0.000  0.000  0.000  0.000 
 55.00 -50.00  0.002  0.002  0.002  0.000  0.000  0.000 
 55.00 -45.00  0.002  0.002  0.002  0.000  0.000  0.000 
 55.00 -40.00  0.002  0.002  0.002  0.000  0.000  0.000 
 55.00 -35.00  0.002  0.002  0.002  0.000  0.000  0.000 
 55.00 -30.00  0.003  0.000  0.007  0.004  0.003  0.008 
 55.00 -25.00  0.010  0.005  0.016  0.007  0.005  0.013 
 55.00 -20.00  0.026  0.020  0.033  0.009  0.006  0.016 
 55.00 -15.00  0.036  0.031  0.041  0.007  0.005  0.012 
 55.00 -10.00  0.046  0.041  0.051  0.006  0.004  0.011 
 55.00  -5.00  0.056  0.051  0.061  0.007  0.005  0.012 
 55.00   0.00  0.065  0.059  0.071  0.008  0.006  0.015 
 55.00   5.00  0.076  0.069  0.083  0.009  0.006  0.016 
 55.00  10.00  0.081  0.075  0.088  0.009  0.006  0.016 
 55.00  15.00  0.084  0.077  0.090  0.009  0.006  0.017 
 55.00  20.00  0.085  0.079  0.090  0.008  0.005  0.013 
 55.00  25.00  0.082  0.074  0.090  0.011  0.008  0.020 
 55.00  30.00  0.070  0.066  0.075  0.007  0.004  0.012 
 55.00  35.00  0.055  0.047  0.063  0.012  0.008  0.020 
 55.00  40.00  0.021  0.010  0.033  0.016  0.010  0.028 
 55.00  45.00  0.007 -0.002  0.015  0.009  0.006  0.019 
 55.00  50.00  0.004  0.000  0.007  0.002  0.001  0.007 
 60.00 -55.00  0.002  0.002  0.002  0.000  0.000  0.000 
 60.00 -50.00  0.002  0.002  0.002  0.000  0.000  0.000 
 60.00 -45.00  0.004  0.002  0.005  0.002  0.001  0.004 
 60.00 -40.00  0.003  0.002  0.004  0.001  0.001  0.003 
 60.00 -35.00  0.009  0.004  0.014  0.006  0.004  0.012 
 60.00 -30.00  0.020  0.014  0.026  0.008  0.006  0.015 
 60.00 -25.00  0.030  0.027  0.033  0.004  0.003  0.007 
 60.00 -20.00  0.034  0.031  0.037  0.004  0.003  0.007 
 60.00 -15.00  0.039  0.036  0.043  0.005  0.003  0.008 
 60.00 -10.00  0.044  0.041  0.048  0.005  0.003  0.009 
 60.00  -5.00  0.049  0.046  0.052  0.004  0.003  0.008 
 60.00   0.00  0.053  0.048  0.057  0.006  0.004  0.011 
 60.00   5.00  0.056  0.052  0.061  0.006  0.004  0.011 
 60.00  10.00  0.061  0.057  0.065  0.005  0.004  0.009 
 60.00  15.00  0.063  0.058  0.069  0.007  0.005  0.013 
 60.00  20.00  0.062  0.058  0.066  0.006  0.004  0.010 
 60.00  25.00  0.061  0.056  0.066  0.007  0.005  0.012 
 60.00  30.00  0.057  0.052  0.062  0.007  0.005  0.013 
 60.00  35.00  0.052  0.045  0.058  0.009  0.006  0.016 
 60.00  40.00  0.038  0.030  0.046  0.011  0.008  0.020 
 60.00  45.00  0.018  0.008  0.027  0.013  0.009  0.023 
 60.00  50.00  0.005 -0.001  0.010  0.006  0.003  0.012 
