 15.00 -25.00  0.499  0.003  0.490  0.500  0.500
 15.00 -20.00  0.482  0.022  0.406  0.500  0.487
 15.00 -15.00  0.487  0.015  0.438  0.500  0.492
 15.00 -10.00  0.499  0.002  0.497  0.500  0.500
 20.00 -25.00  0.493  0.011  0.462  0.500  0.499
 20.00 -20.00  0.482  0.013  0.453  0.500  0.485
 20.00 -15.00  0.484  0.012  0.458  0.500  0.487
 20.00 -10.00  0.487  0.042  0.300  0.500  0.497
 20.00  -5.00  0.499  0.000  0.499  0.500  0.499
 20.00  15.00  0.500  0.000  0.499  0.500  0.500
 20.00  20.00  0.500  0.000  0.499  0.500  0.500
 20.00  25.00  0.495  0.010  0.455  0.500  0.499
 20.00  30.00  0.492  0.016  0.424  0.500  0.499
 20.00  35.00  0.499  0.002  0.493  0.500  0.499
 20.00  40.00  0.500  0.000  0.500  0.500  0.500
 25.00 -30.00  0.500  0.001  0.497  0.500  0.500
 25.00 -25.00  0.492  0.009  0.463  0.500  0.496
 25.00 -20.00  0.494  0.008  0.470  0.500  0.498
 25.00 -15.00  0.495  0.006  0.477  0.500  0.498
 25.00 -10.00  0.483  0.016  0.442  0.500  0.484
 25.00  -5.00  0.482  0.023  0.411  0.500  0.490
 25.00   0.00  0.497  0.006  0.477  0.500  0.500
 25.00   5.00  0.499  0.004  0.484  0.500  0.500
 25.00  10.00  0.499  0.001  0.495  0.500  0.500
 25.00  15.00  0.498  0.003  0.486  0.500  0.500
 25.00  20.00  0.498  0.004  0.483  0.500  0.500
 25.00  25.00  0.490  0.014  0.454  0.500  0.496
 25.00  30.00  0.475  0.035  0.352  0.500  0.485
 25.00  35.00  0.474  0.021  0.417  0.498  0.477
 25.00  40.00  0.497  0.005  0.486  0.500  0.499
 25.00  45.00  0.500  0.000  0.500  0.500  0.500
 30.00 -35.00  0.500  0.000  0.500  0.500  0.500
 30.00 -30.00  0.499  0.003  0.487  0.500  0.500
 30.00 -25.00  0.488  0.012  0.455  0.500  0.492
 30.00 -20.00  0.477  0.015  0.436  0.500  0.479
 30.00 -15.00  0.473  0.012  0.446  0.494  0.474
 30.00 -10.00  0.466  0.022  0.414  0.500  0.468
 30.00  -5.00  0.467  0.033  0.349  0.500  0.471
 30.00   0.00  0.476  0.027  0.381  0.500  0.485
 30.00   5.00  0.493  0.011  0.463  0.500  0.499
 30.00  10.00  0.495  0.007  0.475  0.500  0.498
 30.00  15.00  0.494  0.009  0.464  0.500  0.497
 30.00  20.00  0.491  0.009  0.468  0.500  0.496
 30.00  25.00  0.482  0.013  0.459  0.500  0.484
 30.00  30.00  0.469  0.028  0.392  0.497  0.477
 30.00  35.00  0.449  0.034  0.375  0.492  0.462
 30.00  40.00  0.479  0.031  0.359  0.500  0.487
 30.00  45.00  0.496  0.006  0.488  0.500  0.499
 35.00 -35.00  0.497  0.003  0.490  0.500  0.499
 35.00 -30.00  0.493  0.009  0.473  0.500  0.497
 35.00 -25.00  0.496  0.005  0.480  0.500  0.499
 35.00 -20.00  0.482  0.017  0.435  0.500  0.486
 35.00 -15.00  0.471  0.017  0.435  0.497  0.472
 35.00 -10.00  0.479  0.015  0.445  0.496  0.483
 35.00  -5.00  0.482  0.016  0.435  0.500  0.487
 35.00   0.00  0.482  0.018  0.422  0.499  0.487
 35.00   5.00  0.489  0.012  0.454  0.500  0.492
 35.00  10.00  0.494  0.007  0.470  0.500  0.497
 35.00  15.00  0.490  0.011  0.456  0.500  0.496
 35.00  20.00  0.485  0.012  0.456  0.500  0.488
 35.00  25.00  0.484  0.016  0.440  0.499  0.489
 35.00  30.00  0.481  0.017  0.440  0.500  0.483
 35.00  35.00  0.475  0.020  0.430  0.500  0.478
 35.00  40.00  0.476  0.029  0.394  0.500  0.487
 35.00  45.00  0.500  0.000  0.499  0.500  0.500
 40.00 -50.00  0.500  0.000  0.499  0.500  0.500
 40.00 -45.00  0.500  0.000  0.500  0.500  0.500
 40.00 -40.00  0.500  0.000  0.499  0.500  0.500
 40.00 -35.00  0.498  0.002  0.492  0.500  0.500
 40.00 -30.00  0.498  0.003  0.487  0.500  0.499
 40.00 -25.00  0.498  0.004  0.484  0.500  0.499
 40.00 -20.00  0.493  0.012  0.450  0.500  0.498
 40.00 -15.00  0.482  0.014  0.450  0.499  0.484
 40.00 -10.00  0.474  0.017  0.435  0.496  0.475
 40.00  -5.00  0.472  0.016  0.429  0.492  0.477
 40.00   0.00  0.473  0.019  0.440  0.500  0.477
 40.00   5.00  0.477  0.016  0.439  0.500  0.475
 40.00  10.00  0.479  0.012  0.455  0.497  0.483
 40.00  15.00  0.475  0.016  0.439  0.499  0.473
 40.00  20.00  0.469  0.021  0.429  0.500  0.468
 40.00  25.00  0.466  0.029  0.406  0.500  0.471
 40.00  30.00  0.469  0.021  0.425  0.500  0.469
 40.00  35.00  0.477  0.018  0.426  0.499  0.483
 40.00  40.00  0.487  0.012  0.459  0.500  0.491
 40.00  45.00  0.499  0.001  0.496  0.500  0.500
 40.00  50.00  0.500  0.000  0.500  0.500  0.500
 45.00 -50.00  0.500  0.000  0.500  0.500  0.500
 45.00 -45.00  0.500  0.000  0.499  0.500  0.500
 45.00 -40.00  0.500  0.000  0.499  0.500  0.500
 45.00 -35.00  0.499  0.003  0.487  0.500  0.500
 45.00 -30.00  0.498  0.004  0.487  0.500  0.499
 45.00 -25.00  0.495  0.015  0.427  0.500  0.499
 45.00 -20.00  0.493  0.011  0.464  0.500  0.498
 45.00 -15.00  0.489  0.009  0.470  0.500  0.492
 45.00 -10.00  0.484  0.012  0.461  0.498  0.489
 45.00  -5.00  0.477  0.020  0.435  0.498  0.480
 45.00   0.00  0.482  0.014  0.449  0.500  0.485
 45.00   5.00  0.483  0.010  0.458  0.499  0.483
 45.00  10.00  0.480  0.014  0.439  0.498  0.483
 45.00  15.00  0.479  0.014  0.445  0.496  0.482
 45.00  20.00  0.478  0.015  0.444  0.494  0.483
 45.00  25.00  0.475  0.019  0.425  0.500  0.480
 45.00  30.00  0.481  0.013  0.443  0.499  0.485
 45.00  35.00  0.485  0.019  0.413  0.500  0.489
 45.00  40.00  0.495  0.010  0.460  0.500  0.499
 45.00  45.00  0.500  0.000  0.499  0.500  0.500
 45.00  50.00  0.499  0.000  0.499  0.499  0.499
 50.00 -50.00  0.500  0.000  0.499  0.500  0.500
 50.00 -45.00  0.500  0.000  0.500  0.500  0.500
 50.00 -40.00  0.500  0.000  0.500  0.500  0.500
 50.00 -35.00  0.500  0.000  0.500  0.500  0.500
 50.00 -30.00  0.500  0.000  0.500  0.500  0.500
 50.00 -25.00  0.500  0.001  0.497  0.500  0.500
 50.00 -20.00  0.498  0.003  0.486  0.500  0.499
 50.00 -15.00  0.496  0.006  0.476  0.500  0.498
 50.00 -10.00  0.496  0.004  0.485  0.500  0.498
 50.00  -5.00  0.496  0.004  0.488  0.500  0.498
 50.00   0.00  0.495  0.005  0.485  0.500  0.496
 50.00   5.00  0.496  0.004  0.487  0.500  0.497
 50.00  10.00  0.498  0.003  0.492  0.500  0.499
 50.00  15.00  0.497  0.004  0.485  0.500  0.499
 50.00  20.00  0.496  0.005  0.483  0.500  0.497
 50.00  25.00  0.492  0.011  0.453  0.500  0.496
 50.00  30.00  0.493  0.007  0.473  0.500  0.495
 50.00  35.00  0.495  0.007  0.474  0.500  0.498
 50.00  40.00  0.500  0.000  0.499  0.500  0.500
 50.00  45.00  0.500  0.000  0.499  0.500  0.500
 50.00  50.00  0.500  0.000  0.500  0.500  0.500
 55.00 -50.00  0.500  0.000  0.500  0.500  0.500
 55.00 -45.00  0.500  0.000  0.499  0.500  0.500
 55.00 -40.00  0.500  0.000  0.499  0.500  0.500
 55.00 -35.00  0.500  0.000  0.499  0.500  0.500
 55.00 -30.00  0.498  0.004  0.484  0.500  0.500
 55.00 -25.00  0.494  0.011  0.462  0.500  0.498
 55.00 -20.00  0.485  0.019  0.422  0.500  0.489
 55.00 -15.00  0.485  0.014  0.444  0.500  0.489
 55.00 -10.00  0.478  0.021  0.397  0.499  0.480
 55.00  -5.00  0.475  0.020  0.424  0.499  0.478
 55.00   0.00  0.477  0.014  0.445  0.500  0.479
 55.00   5.00  0.478  0.013  0.449  0.500  0.479
 55.00  10.00  0.480  0.013  0.458  0.500  0.482
 55.00  15.00  0.486  0.011  0.460  0.500  0.487
 55.00  20.00  0.492  0.007  0.477  0.500  0.492
 55.00  25.00  0.496  0.004  0.485  0.500  0.496
 55.00  30.00  0.497  0.003  0.488  0.500  0.498
 55.00  35.00  0.496  0.006  0.477  0.500  0.499
 55.00  40.00  0.498  0.004  0.480  0.500  0.500
 55.00  45.00  0.500  0.000  0.499  0.500  0.500
 55.00  50.00  0.500  0.000  0.500  0.500  0.500
 60.00 -55.00  0.500  0.000  0.499  0.500  0.500
 60.00 -50.00  0.500  0.000  0.499  0.500  0.500
 60.00 -45.00  0.499  0.001  0.497  0.500  0.500
 60.00 -40.00  0.499  0.002  0.493  0.500  0.500
 60.00 -35.00  0.483  0.031  0.380  0.500  0.497
 60.00 -30.00  0.428  0.078  0.195  0.498  0.447
 60.00 -25.00  0.412  0.042  0.313  0.484  0.408
 60.00 -20.00  0.421  0.029  0.341  0.457  0.427
 60.00 -15.00  0.434  0.033  0.366  0.479  0.441
 60.00 -10.00  0.447  0.029  0.385  0.483  0.454
 60.00  -5.00  0.459  0.022  0.396  0.490  0.458
 60.00   0.00  0.470  0.017  0.440  0.497  0.472
 60.00   5.00  0.469  0.019  0.440  0.499  0.470
 60.00  10.00  0.471  0.022  0.440  0.500  0.466
 60.00  15.00  0.471  0.022  0.440  0.500  0.468
 60.00  20.00  0.472  0.021  0.440  0.500  0.473
 60.00  25.00  0.476  0.017  0.449  0.500  0.475
 60.00  30.00  0.481  0.014  0.454  0.500  0.483
 60.00  35.00  0.486  0.011  0.462  0.500  0.486
 60.00  40.00  0.492  0.006  0.480  0.500  0.491
 60.00  45.00  0.496  0.004  0.485  0.500  0.496
 60.00  50.00  0.498  0.005  0.482  0.500  0.500
