 15.00 -25.00  0.499  0.495  0.502  0.003  0.002  0.007 
 15.00 -20.00  0.482  0.465  0.499  0.022  0.014  0.040 
 15.00 -15.00  0.487  0.475  0.498  0.015  0.010  0.027 
 15.00 -10.00  0.499  0.482  0.516  0.002  0.001  0.041 
 20.00 -25.00  0.493  0.485  0.502  0.011  0.007  0.020 
 20.00 -20.00  0.482  0.472  0.491  0.013  0.009  0.024 
 20.00 -15.00  0.484  0.476  0.493  0.012  0.008  0.020 
 20.00 -10.00  0.487  0.456  0.517  0.042  0.029  0.075 
 20.00  -5.00  0.499  0.498  0.501  0.000  0.000  0.004 
 20.00  15.00  0.500  0.499  0.500  0.000  0.000  0.001 
 20.00  20.00  0.500  0.499  0.500  0.000  0.000  0.001 
 20.00  25.00  0.495  0.488  0.502  0.010  0.006  0.017 
 20.00  30.00  0.492  0.480  0.504  0.016  0.011  0.029 
 20.00  35.00  0.499  0.497  0.500  0.002  0.001  0.004 
 20.00  40.00  0.000  0.000  0.000  0.000  0.000  0.000 
 25.00 -30.00  0.500  0.499  0.500  0.001  0.001  0.001 
 25.00 -25.00  0.492  0.486  0.499  0.009  0.006  0.017 
 25.00 -20.00  0.494  0.488  0.500  0.008  0.006  0.015 
 25.00 -15.00  0.495  0.491  0.500  0.006  0.004  0.011 
 25.00 -10.00  0.483  0.471  0.494  0.016  0.011  0.029 
 25.00  -5.00  0.482  0.465  0.499  0.023  0.015  0.041 
 25.00   0.00  0.497  0.492  0.501  0.006  0.004  0.011 
 25.00   5.00  0.499  0.496  0.502  0.004  0.002  0.006 
 25.00  10.00  0.499  0.498  0.500  0.001  0.001  0.002 
 25.00  15.00  0.498  0.496  0.501  0.003  0.002  0.006 
 25.00  20.00  0.498  0.495  0.501  0.004  0.003  0.007 
 25.00  25.00  0.490  0.480  0.500  0.014  0.009  0.025 
 25.00  30.00  0.475  0.449  0.500  0.035  0.024  0.062 
 25.00  35.00  0.474  0.458  0.489  0.021  0.014  0.038 
 25.00  40.00  0.497  0.492  0.502  0.005  0.003  0.011 
 25.00  45.00  0.000  0.000  0.000  0.000  0.000  0.000 
 30.00 -35.00  0.500  0.500  0.500  0.000  0.000  0.000 
 30.00 -30.00  0.499  0.496  0.501  0.003  0.002  0.006 
 30.00 -25.00  0.488  0.479  0.497  0.012  0.008  0.022 
 30.00 -20.00  0.477  0.466  0.488  0.015  0.010  0.027 
 30.00 -15.00  0.473  0.464  0.482  0.012  0.008  0.022 
 30.00 -10.00  0.466  0.450  0.483  0.022  0.015  0.040 
 30.00  -5.00  0.467  0.443  0.491  0.033  0.022  0.058 
 30.00   0.00  0.476  0.456  0.497  0.027  0.018  0.049 
 30.00   5.00  0.493  0.485  0.501  0.011  0.007  0.019 
 30.00  10.00  0.495  0.490  0.500  0.007  0.004  0.012 
 30.00  15.00  0.494  0.488  0.500  0.009  0.006  0.015 
 30.00  20.00  0.491  0.484  0.498  0.009  0.006  0.017 
 30.00  25.00  0.482  0.473  0.491  0.013  0.009  0.023 
 30.00  30.00  0.469  0.449  0.490  0.028  0.019  0.050 
 30.00  35.00  0.449  0.425  0.474  0.034  0.023  0.060 
 30.00  40.00  0.479  0.456  0.502  0.031  0.021  0.055 
 30.00  45.00  0.496  0.425  0.567  0.006  0.002  0.174 
 35.00 -35.00  0.497  0.495  0.500  0.003  0.002  0.006 
 35.00 -30.00  0.493  0.486  0.499  0.009  0.006  0.016 
 35.00 -25.00  0.496  0.493  0.500  0.005  0.003  0.009 
 35.00 -20.00  0.482  0.470  0.495  0.017  0.012  0.031 
 35.00 -15.00  0.471  0.458  0.483  0.017  0.011  0.030 
 35.00 -10.00  0.479  0.468  0.490  0.015  0.010  0.026 
 35.00  -5.00  0.482  0.471  0.494  0.016  0.011  0.028 
 35.00   0.00  0.482  0.468  0.495  0.018  0.012  0.032 
 35.00   5.00  0.489  0.480  0.497  0.012  0.008  0.021 
 35.00  10.00  0.494  0.489  0.499  0.007  0.005  0.012 
 35.00  15.00  0.490  0.482  0.499  0.011  0.008  0.021 
 35.00  20.00  0.485  0.476  0.494  0.012  0.008  0.022 
 35.00  25.00  0.484  0.472  0.496  0.016  0.011  0.029 
 35.00  30.00  0.481  0.468  0.494  0.017  0.012  0.031 
 35.00  35.00  0.475  0.461  0.490  0.020  0.013  0.035 
 35.00  40.00  0.476  0.456  0.497  0.029  0.019  0.051 
 35.00  45.00  0.500  0.499  0.500  0.000  0.000  0.001 
 40.00 -50.00  0.500  0.499  0.500  0.000  0.000  0.001 
 40.00 -45.00  0.500  0.500  0.500  0.000  0.000  0.000 
 40.00 -40.00  0.500  0.500  0.500  0.000  0.000  0.000 
 40.00 -35.00  0.498  0.497  0.500  0.002  0.002  0.004 
 40.00 -30.00  0.498  0.495  0.500  0.003  0.002  0.006 
 40.00 -25.00  0.498  0.495  0.501  0.004  0.003  0.007 
 40.00 -20.00  0.493  0.484  0.502  0.012  0.008  0.021 
 40.00 -15.00  0.482  0.472  0.492  0.014  0.009  0.024 
 40.00 -10.00  0.474  0.461  0.486  0.017  0.011  0.030 
 40.00  -5.00  0.472  0.460  0.484  0.016  0.011  0.029 
 40.00   0.00  0.473  0.460  0.487  0.019  0.013  0.033 
 40.00   5.00  0.477  0.465  0.488  0.016  0.011  0.027 
 40.00  10.00  0.479  0.470  0.488  0.012  0.008  0.022 
 40.00  15.00  0.475  0.464  0.487  0.016  0.011  0.028 
 40.00  20.00  0.469  0.454  0.484  0.021  0.014  0.037 
 40.00  25.00  0.466  0.445  0.487  0.029  0.020  0.051 
 40.00  30.00  0.469  0.454  0.484  0.021  0.014  0.037 
 40.00  35.00  0.477  0.464  0.491  0.018  0.012  0.032 
 40.00  40.00  0.487  0.478  0.496  0.012  0.008  0.021 
 40.00  45.00  0.499  0.498  0.501  0.001  0.001  0.003 
 40.00  50.00  0.000  0.000  0.000  0.000  0.000  0.000 
 45.00 -50.00  0.500  0.500  0.500  0.000  0.000  0.000 
 45.00 -45.00  0.500  0.500  0.500  0.000  0.000  0.000 
 45.00 -40.00  0.500  0.500  0.500  0.000  0.000  0.000 
 45.00 -35.00  0.499  0.497  0.501  0.003  0.002  0.005 
 45.00 -30.00  0.498  0.495  0.500  0.004  0.002  0.006 
 45.00 -25.00  0.495  0.484  0.506  0.015  0.010  0.027 
 45.00 -20.00  0.493  0.485  0.501  0.011  0.007  0.019 
 45.00 -15.00  0.489  0.483  0.495  0.009  0.006  0.015 
 45.00 -10.00  0.484  0.475  0.493  0.012  0.008  0.021 
 45.00  -5.00  0.477  0.462  0.491  0.020  0.014  0.035 
 45.00   0.00  0.482  0.472  0.492  0.014  0.009  0.024 
 45.00   5.00  0.483  0.475  0.490  0.010  0.007  0.018 
 45.00  10.00  0.480  0.470  0.490  0.014  0.009  0.025 
 45.00  15.00  0.479  0.469  0.489  0.014  0.009  0.025 
 45.00  20.00  0.478  0.467  0.489  0.015  0.010  0.026 
 45.00  25.00  0.475  0.461  0.488  0.019  0.013  0.033 
 45.00  30.00  0.481  0.472  0.491  0.013  0.009  0.024 
 45.00  35.00  0.485  0.471  0.498  0.019  0.013  0.033 
 45.00  40.00  0.495  0.487  0.502  0.010  0.007  0.018 
 45.00  45.00  0.500  0.499  0.500  0.000  0.000  0.001 
 45.00  50.00  0.000  0.000  0.000  0.000  0.000  0.000 
 50.00 -50.00  0.500  0.500  0.500  0.000  0.000  0.000 
 50.00 -45.00  0.500  0.500  0.500  0.000  0.000  0.000 
 50.00 -40.00  0.500  0.500  0.500  0.000  0.000  0.000 
 50.00 -35.00  0.500  0.500  0.500  0.000  0.000  0.000 
 50.00 -30.00  0.500  0.500  0.500  0.000  0.000  0.000 
 50.00 -25.00  0.500  0.499  0.500  0.001  0.000  0.001 
 50.00 -20.00  0.498  0.495  0.500  0.003  0.002  0.006 
 50.00 -15.00  0.496  0.492  0.501  0.006  0.004  0.010 
 50.00 -10.00  0.496  0.494  0.499  0.004  0.003  0.007 
 50.00  -5.00  0.496  0.493  0.499  0.004  0.003  0.008 
 50.00   0.00  0.495  0.491  0.498  0.005  0.003  0.008 
 50.00   5.00  0.496  0.493  0.499  0.004  0.003  0.008 
 50.00  10.00  0.498  0.496  0.500  0.003  0.002  0.005 
 50.00  15.00  0.497  0.494  0.500  0.004  0.003  0.007 
 50.00  20.00  0.496  0.492  0.499  0.005  0.003  0.009 
 50.00  25.00  0.492  0.484  0.500  0.011  0.007  0.019 
 50.00  30.00  0.493  0.488  0.498  0.007  0.005  0.012 
 50.00  35.00  0.495  0.490  0.500  0.007  0.005  0.013 
 50.00  40.00  0.500  0.500  0.500  0.000  0.000  0.001 
 50.00  45.00  0.500  0.500  0.500  0.000  0.000  0.000 
 50.00  50.00  0.000  0.000  0.000  0.000  0.000  0.000 
 55.00 -50.00  0.500  0.500  0.500  0.000  0.000  0.000 
 55.00 -45.00  0.500  0.500  0.500  0.000  0.000  0.000 
 55.00 -40.00  0.500  0.500  0.500  0.000  0.000  0.000 
 55.00 -35.00  0.500  0.500  0.500  0.000  0.000  0.000 
 55.00 -30.00  0.498  0.496  0.501  0.004  0.002  0.006 
 55.00 -25.00  0.494  0.486  0.502  0.011  0.007  0.019 
 55.00 -20.00  0.485  0.472  0.499  0.019  0.013  0.033 
 55.00 -15.00  0.485  0.474  0.495  0.014  0.010  0.025 
 55.00 -10.00  0.478  0.462  0.493  0.021  0.014  0.038 
 55.00  -5.00  0.475  0.461  0.490  0.020  0.014  0.036 
 55.00   0.00  0.477  0.466  0.487  0.014  0.010  0.025 
 55.00   5.00  0.478  0.468  0.487  0.013  0.009  0.023 
 55.00  10.00  0.480  0.471  0.490  0.013  0.009  0.023 
 55.00  15.00  0.486  0.478  0.494  0.011  0.008  0.020 
 55.00  20.00  0.492  0.487  0.497  0.007  0.005  0.012 
 55.00  25.00  0.496  0.493  0.499  0.004  0.003  0.007 
 55.00  30.00  0.497  0.494  0.499  0.003  0.002  0.006 
 55.00  35.00  0.496  0.491  0.500  0.006  0.004  0.011 
 55.00  40.00  0.498  0.495  0.501  0.004  0.003  0.008 
 55.00  45.00  0.500  0.499  0.500  0.000  0.000  0.001 
 55.00  50.00  0.500  0.500  0.500  0.000  0.000  0.000 
 60.00 -55.00  0.500  0.500  0.500  0.000  0.000  0.000 
 60.00 -50.00  0.500  0.500  0.500  0.000  0.000  0.000 
 60.00 -45.00  0.499  0.499  0.500  0.001  0.000  0.001 
 60.00 -40.00  0.499  0.498  0.500  0.002  0.001  0.003 
 60.00 -35.00  0.483  0.459  0.506  0.031  0.021  0.056 
 60.00 -30.00  0.428  0.372  0.485  0.078  0.053  0.138 
 60.00 -25.00  0.412  0.382  0.442  0.042  0.028  0.074 
 60.00 -20.00  0.421  0.400  0.442  0.029  0.020  0.052 
 60.00 -15.00  0.434  0.409  0.458  0.033  0.023  0.059 
 60.00 -10.00  0.447  0.426  0.468  0.029  0.020  0.052 
 60.00  -5.00  0.459  0.443  0.475  0.022  0.015  0.038 
 60.00   0.00  0.470  0.457  0.482  0.017  0.012  0.031 
 60.00   5.00  0.469  0.455  0.483  0.019  0.013  0.034 
 60.00  10.00  0.471  0.455  0.486  0.022  0.015  0.038 
 60.00  15.00  0.471  0.455  0.486  0.022  0.015  0.038 
 60.00  20.00  0.472  0.458  0.487  0.021  0.014  0.036 
 60.00  25.00  0.476  0.464  0.488  0.017  0.011  0.030 
 60.00  30.00  0.481  0.471  0.491  0.014  0.009  0.024 
 60.00  35.00  0.486  0.478  0.494  0.011  0.007  0.019 
 60.00  40.00  0.492  0.487  0.496  0.006  0.004  0.011 
 60.00  45.00  0.496  0.492  0.499  0.004  0.003  0.008 
 60.00  50.00  0.498  0.494  0.503  0.005  0.003  0.010 
