 3.537  4.208  1.240  1.032  0.000  0.000 
 2.865  5.599  0.546  0.338  0.000  0.000 
 3.404  4.883  0.768  0.561  0.000  0.000 
 2.709  3.964  1.105  0.658  0.000  0.000 
 2.357  4.036  0.794  0.577  0.000  0.000 
 3.325  5.232  1.068  0.602  0.000  0.000 
 4.085  4.836  1.420  1.441  0.000  0.000 
 3.340  4.790  1.227  1.026  0.000  0.000 
 3.888  4.841  0.705  0.602  0.000  0.000 
 4.986  5.675  1.653  1.334  0.000  0.000 
 3.916  6.612  0.956  0.933  0.000  0.000 
 3.671  5.220  1.522  1.252  0.000  0.000 
 4.039  4.672  1.915  0.983  0.000  0.000 
 3.586  6.292  1.136  1.142  0.000  0.000 
 3.598  6.155  0.479  0.702  0.000  0.000 
 3.404  4.361  0.828  0.330  0.000  0.000 
 3.131  5.189  0.432  0.138  0.000  0.000 
 3.220  4.526  0.532  0.348  0.000  0.000 
 4.533  4.824  1.389  1.143  0.000  0.000 
 3.286  5.707  1.095  0.903  0.000  0.000 
 2.873  4.684  1.028  0.730  0.000  0.000
 3.537  4.208  1.240  1.032  0.000  0.000 
 2.865  5.599  0.546  0.338  0.000  0.000 
 3.404  4.883  0.768  0.561  0.000  0.000 
 2.709  3.964  1.105  0.658  0.000  0.000 
 2.357  4.036  0.794  0.577  0.000  0.000 
 3.325  5.232  1.068  0.602  0.000  0.000 
 4.085  4.836  1.420  1.441  0.000  0.000 
 3.340  4.790  1.227  1.026  0.000  0.000 
 3.888  4.841  0.705  0.602  0.000  0.000 
 4.986  5.675  1.653  1.334  0.000  0.000 
 3.916  6.612  0.956  0.933  0.000  0.000 
 3.671  5.220  1.522  1.252  0.000  0.000 
 4.039  4.672  1.915  0.983  0.000  0.000 
 3.586  6.292  1.136  1.142  0.000  0.000 
 3.598  6.155  0.479  0.702  0.000  0.000 
 3.404  4.361  0.828  0.330  0.000  0.000 
 3.131  5.189  0.432  0.138  0.000  0.000 
 3.220  4.526  0.532  0.348  0.000  0.000 
 4.533  4.824  1.389  1.143  0.000  0.000 
 3.286  5.707  1.095  0.903  0.000  0.000 
 2.873  4.684  1.028  0.730  0.000  0.000 
 3.537  4.208  1.240  1.032  0.000  0.000 
 2.865  5.599  0.546  0.338  0.000  0.000 
 3.404  4.883  0.768  0.561  0.000  0.000 
 2.709  3.964  1.105  0.658  0.000  0.000 
 2.357  4.036  0.794  0.577  0.000  0.000 
 3.325  5.232  1.068  0.602  0.000  0.000 
 4.085  4.836  1.420  1.441  0.000  0.000 
 3.340  4.790  1.227  1.026  0.000  0.000 
 3.888  4.841  0.705  0.602  0.000  0.000 
 4.986  5.675  1.653  1.334  0.000  0.000 
 3.916  6.612  0.956  0.933  0.000  0.000 
 3.671  5.220  1.522  1.252  0.000  0.000 
 4.039  4.672  1.915  0.983  0.000  0.000 
 3.586  6.292  1.136  1.142  0.000  0.000 
 3.598  6.155  0.479  0.702  0.000  0.000 
 3.404  4.361  0.828  0.330  0.000  0.000 
 3.131  5.189  0.432  0.138  0.000  0.000 
 3.220  4.526  0.532  0.348  0.000  0.000 
 4.533  4.824  1.389  1.143  0.000  0.000 
 3.286  5.707  1.095  0.903  0.000  0.000 
 2.873  4.684  1.028  0.730  0.000  0.000 
 3.537  4.208  1.240  1.032  0.000  0.000 
 2.865  5.599  0.546  0.338  0.000  0.000 
 3.404  4.883  0.768  0.561  0.000  0.000 
 2.709  3.964  1.105  0.658  0.000  0.000 
 2.357  4.036  0.794  0.577  0.000  0.000 
 3.325  5.232  1.068  0.602  0.000  0.000 
 4.085  4.836  1.420  1.441  0.000  0.000 
 3.340  4.790  1.227  1.026  0.000  0.000 
 3.888  4.841  0.705  0.602  0.000  0.000 
 4.986  5.675  1.653  1.334  0.000  0.000 
 3.916  6.612  0.956  0.933  0.000  0.000 
 3.671  5.220  1.522  1.252  0.000  0.000 
 4.039  4.672  1.915  0.983  0.000  0.000 
 3.586  6.292  1.136  1.142  0.000  0.000 
 3.598  6.155  0.479  0.702  0.000  0.000 
 3.404  4.361  0.828  0.330  0.000  0.000 
 3.131  5.189  0.432  0.138  0.000  0.000 
 3.220  4.526  0.532  0.348  0.000  0.000 
 4.533  4.824  1.389  1.143  0.000  0.000 
 3.286  5.707  1.095  0.903  0.000  0.000 
 2.873  4.684  1.028  0.730  0.000  0.000 
 3.537  4.208  1.240  1.032  0.000  0.000 
 2.865  5.599  0.546  0.338  0.000  0.000 
 3.404  4.883  0.768  0.561  0.000  0.000 
 2.709  3.964  1.105  0.658  0.000  0.000 
 2.357  4.036  0.794  0.577  0.000  0.000 
 3.325  5.232  1.068  0.602  0.000  0.000 
 4.085  4.836  1.420  1.441  0.000  0.000 
 3.340  4.790  1.227  1.026  0.000  0.000 
 3.888  4.841  0.705  0.602  0.000  0.000 
 4.986  5.675  1.653  1.334  0.000  0.000 
 3.916  6.612  0.956  0.933  0.000  0.000 
 3.671  5.220  1.522  1.252  0.000  0.000 
 4.039  4.672  1.915  0.983  0.000  0.000 
 3.586  6.292  1.136  1.142  0.000  0.000 
 3.598  6.155  0.479  0.702  0.000  0.000 
 3.404  4.361  0.828  0.330  0.000  0.000 
 3.131  5.189  0.432  0.138  0.000  0.000 
 3.220  4.526  0.532  0.348  0.000  0.000 
 4.533  4.824  1.389  1.143  0.000  0.000 
 3.286  5.707  1.095  0.903  0.000  0.000 
 2.873  4.684  1.028  0.730  0.000  0.000 
 3.537  4.208  1.240  1.032  0.000  0.000 
 2.865  5.599  0.546  0.338  0.000  0.000 
 3.404  4.883  0.768  0.561  0.000  0.000 
 2.709  3.964  1.105  0.658  0.000  0.000 
 2.357  4.036  0.794  0.577  0.000  0.000 
 3.325  5.232  1.068  0.602  0.000  0.000 
 4.085  4.836  1.420  1.441  0.000  0.000 
 3.340  4.790  1.227  1.026  0.000  0.000 
 3.888  4.841  0.705  0.602  0.000  0.000 
 4.986  5.675  1.653  1.334  0.000  0.000 
 3.916  6.612  0.956  0.933  0.000  0.000 
 3.671  5.220  1.522  1.252  0.000  0.000 
 4.039  4.672  1.915  0.983  0.000  0.000 
 3.586  6.292  1.136  1.142  0.000  0.000 
 3.598  6.155  0.479  0.702  0.000  0.000 
 3.404  4.361  0.828  0.330  0.000  0.000 
 3.131  5.189  0.432  0.138  0.000  0.000 
 3.220  4.526  0.532  0.348  0.000  0.000 
 4.533  4.824  1.389  1.143  0.000  0.000 
 3.286  5.707  1.095  0.903  0.000  0.000 
 2.873  4.684  1.028  0.730  0.000  0.000 
 3.537  4.208  1.240  1.032  0.000  0.000 
 2.865  5.599  0.546  0.338  0.000  0.000 
 3.404  4.883  0.768  0.561  0.000  0.000 
 2.709  3.964  1.105  0.658  0.000  0.000 
 2.357  4.036  0.794  0.577  0.000  0.000 
 3.325  5.232  1.068  0.602  0.000  0.000 
 4.085  4.836  1.420  1.441  0.000  0.000 
 3.340  4.790  1.227  1.026  0.000  0.000 
 3.888  4.841  0.705  0.602  0.000  0.000 
 4.986  5.675  1.653  1.334  0.000  0.000 
 3.916  6.612  0.956  0.933  0.000  0.000 
 3.671  5.220  1.522  1.252  0.000  0.000 
 4.039  4.672  1.915  0.983  0.000  0.000 
 3.586  6.292  1.136  1.142  0.000  0.000 
 3.598  6.155  0.479  0.702  0.000  0.000 
 3.404  4.361  0.828  0.330  0.000  0.000 
 3.131  5.189  0.432  0.138  0.000  0.000 
 3.220  4.526  0.532  0.348  0.000  0.000 
 4.533  4.824  1.389  1.143  0.000  0.000 
 3.286  5.707  1.095  0.903  0.000  0.000 
 2.873  4.684  1.028  0.730  0.000  0.000 
 3.537  4.208  1.240  1.032  0.000  0.000 
 2.865  5.599  0.546  0.338  0.000  0.000 
 3.404  4.883  0.768  0.561  0.000  0.000 
 2.709  3.964  1.105  0.658  0.000  0.000 
 2.357  4.036  0.794  0.577  0.000  0.000 
 3.325  5.232  1.068  0.602  0.000  0.000 
 4.085  4.836  1.420  1.441  0.000  0.000 
 3.340  4.790  1.227  1.026  0.000  0.000 
 3.888  4.841  0.705  0.602  0.000  0.000 
 4.986  5.675  1.653  1.334  0.000  0.000 
 3.916  6.612  0.956  0.933  0.000  0.000 
 3.671  5.220  1.522  1.252  0.000  0.000 
 4.039  4.672  1.915  0.983  0.000  0.000 
 3.586  6.292  1.136  1.142  0.000  0.000 
 3.598  6.155  0.479  0.702  0.000  0.000 
 3.404  4.361  0.828  0.330  0.000  0.000 
 3.131  5.189  0.432  0.138  0.000  0.000 
 3.220  4.526  0.532  0.348  0.000  0.000 
 4.533  4.824  1.389  1.143  0.000  0.000 
 3.286  5.707  1.095  0.903  0.000  0.000 
 2.873  4.684  1.028  0.730  0.000  0.000 
 
