 3.537  4.208  0.150  0.105  0.000  0.000 11 
 2.865  5.599  0.260  0.219  0.000  0.000 11 
 3.404  4.883  0.405  0.027  0.000  0.000 11 
 2.709  3.964  0.435  0.005  0.000  0.000 11 
 2.357  4.036  0.406  0.045  0.000  0.000 11 
 3.325  5.232  0.591  0.126  0.000  0.000 10 
 4.085  4.836  0.442  0.140  0.000  0.000 10 
 3.340  4.790  0.372  0.239  0.000  0.000 10 
 3.888  4.841  0.342  0.170  0.000  0.000 9 
 4.986  5.675  0.298  0.045  0.000  0.000 9 
 3.916  6.612  0.261  0.139  0.000  0.000 8 
 3.671  5.220  0.336  0.257  0.000  0.000 8 
 4.039  4.672  0.458  0.324  0.000  0.000 9 
 3.586  6.292  0.148  0.381  0.000  0.000 9 
 3.598  6.155  0.170  0.423  0.000  0.000 8 
 3.404  4.361  0.137  0.179  0.000  0.000 9 
 3.131  5.189  0.222  0.293  0.000  0.000 9 
 3.220  4.526  0.243  0.199  0.000  0.000 9 
 4.533  4.824  0.292  0.111  0.000  0.000 8 
 3.286  5.707  0.209  0.147  0.000  0.000 8 
 2.873  4.684  0.096  0.081  0.000  0.000 8 
