 3.107  7.938  0.308  0.342  0.000  0.000 8 
 3.058  7.354  0.143  0.162  0.000  0.000 8 
 3.048  6.488  0.170  0.013  0.000  0.000 8 
 3.077  5.175  0.296  0.027  0.000  0.000 9 
 3.194  4.816  0.308  0.069  0.000  0.000 9 
 3.302  4.523  0.230  0.120  0.000  0.000 9 
 3.171  4.176  0.185  0.207  0.000  0.000 10 
 3.794  4.881  0.211  0.107  0.000  0.000 8 
 3.630  4.371  0.217  0.207  0.000  0.000 9 
 3.680  4.476  0.212  0.080  0.000  0.000 9 
 3.516  4.177  0.143  0.133  0.000  0.000 11 
 3.380  4.453  0.106  0.209  0.000  0.000 10 
 3.372  4.699  0.196  0.193  0.000  0.000 10 
 3.056  4.632  0.275  0.376  0.000  0.000 11 
 2.980  4.997  0.223  0.324  0.000  0.000 11 
 2.886  5.286  0.224  0.226  0.000  0.000 11 
 2.929  5.681  0.252  0.223  0.000  0.000 11 
 2.850  5.434  0.319  0.251  0.000  0.000 11 
 2.827  5.370  0.294  0.263  0.000  0.000 11 
 2.857  5.202  0.273  0.223  0.000  0.000 11 
 2.954  5.003  0.332  0.141  0.000  0.000 11 
 3.118  4.812  0.385  0.092  0.000  0.000 11 
 3.512  5.195  0.392  0.041  0.000  0.000 11 
 3.155  4.196  0.465  0.306  0.000  0.000 12 
 3.611  4.827  0.416  0.308  0.000  0.000 10 
 3.433  4.593  0.396  0.237  0.000  0.000 10 
 3.111  4.322  0.436  0.140  0.000  0.000 10 
 2.786  3.836  0.470  0.054  0.000  0.000 11 
 2.697  3.936  0.405  0.026  0.000  0.000 11 
 2.654  4.064  0.331  0.278  0.000  0.000 11 
 2.591  4.122  0.303  0.275  0.000  0.000 11 
 2.579  4.187  0.280  0.266  0.000  0.000 11 
 2.504  4.127  0.295  0.227  0.000  0.000 11 
 2.497  4.221  0.309  0.207  0.000  0.000 10 
 2.344  3.996  0.367  0.064  0.000  0.000 11 
 2.345  4.023  0.368  0.093  0.000  0.000 11 
 2.538  4.198  0.416  0.117  0.000  0.000 11 
 2.469  3.980  0.490  0.139  0.000  0.000 12 
 2.638  4.229  0.606  0.017  0.000  0.000 12 
 2.868  4.714  0.627  0.009  0.000  0.000 11 
 3.301  5.182  0.572  0.132  0.000  0.000 10 
 3.196  4.762  0.540  0.009  0.000  0.000 10 
 3.248  4.579  0.509  0.063  0.000  0.000 10 
 3.424  4.460  0.440  0.089  0.000  0.000 10 
 3.565  4.338  0.423  0.131  0.000  0.000 11 
 3.266  4.117  0.483  0.296  0.000  0.000 12 
 4.083  4.832  0.427  0.157  0.000  0.000 10 
 3.989  4.823  0.337  0.173  0.000  0.000 10 
 3.903  5.206  0.292  0.145  0.000  0.000 10 
 3.606  5.024  0.324  0.250  0.000  0.000 10 
 3.609  5.253  0.315  0.258  0.000  0.000 10 
 3.261  4.780  0.334  0.272  0.000  0.000 10 
 3.341  4.790  0.375  0.245  0.000  0.000 10 
 3.265  4.548  0.303  0.260  0.000  0.000 10 
 3.365  4.484  0.321  0.079  0.000  0.000 10 
 3.147  4.035  0.411  0.141  0.000  0.000 11 
 3.793  5.195  0.326  0.251  0.000  0.000 9 
 3.820  5.276  0.367  0.079  0.000  0.000 9 
 3.894  4.887  0.349  0.156  0.000  0.000 9 
 4.017  4.999  0.266  0.043  0.000  0.000 9 
 3.903  4.522  0.437  0.002  0.000  0.000 9 
 3.965  4.495  0.392  0.061  0.000  0.000 9 
 4.084  4.499  0.323  0.163  0.000  0.000 9 
 4.670  5.269  0.184  0.008  0.000  0.000 9 
 4.972  5.647  0.275  0.046  0.000  0.000 9 
 5.139  5.899  0.281  0.149  0.000  0.000 8 
 5.104  6.376  0.237  0.188  0.000  0.000 7 
 4.838  6.469  0.239  0.050  0.000  0.000 7 
 4.542  6.605  0.352  0.088  0.000  0.000 7 
 4.009  5.965  0.359  0.215  0.000  0.000 8 
 3.855  6.359  0.296  0.122  0.000  0.000 8 
 3.803  6.807  0.284  0.052  0.000  0.000 8 
 3.843  6.602  0.287  0.115  0.000  0.000 8 
 3.704  6.281  0.242  0.083  0.000  0.000 8 
 3.606  5.824  0.245  0.003  0.000  0.000 8 
 3.509  5.299  0.261  0.043  0.000  0.000 8 
 3.656  5.146  0.302  0.266  0.000  0.000 8 
 4.723  6.883  0.449  0.186  0.000  0.000 6 
 4.641  5.923  0.482  0.184  0.000  0.000 7 
 5.146  5.965  0.447  0.028  0.000  0.000 7 
 5.261  5.882  0.457  0.008  0.000  0.000 7 
 5.237  5.857  0.474  0.050  0.000  0.000 7 
 4.139  4.769  0.434  0.275  0.000  0.000 9 
 4.849  5.296  0.503  0.213  0.000  0.000 8 
 4.650  5.587  0.342  0.194  0.000  0.000 8 
 4.536  6.116  0.308  0.141  0.000  0.000 8 
 4.492  6.880  0.183  0.355  0.000  0.000 8 
 3.712  6.009  0.264  0.190  0.000  0.000 9 
 3.474  6.304  0.190  0.392  0.000  0.000 9 
 3.310  6.352  0.104  0.432  0.000  0.000 9 
 3.315  6.187  0.155  0.377  0.000  0.000 9 
 3.091  5.951  0.149  0.413  0.000  0.000 9 
 2.910  5.774  0.093  0.400  0.000  0.000 8 
 3.322  6.286  0.159  0.490  0.000  0.000 8 
 3.630  6.380  0.179  0.411  0.000  0.000 8 
 4.922  6.882  0.067  0.266  0.000  0.000 7 
 5.020  6.158  0.170  0.292  0.000  0.000 8 
 3.533  4.361  0.264  0.343  0.000  0.000 9 
 3.990  4.672  0.320  0.252  0.000  0.000 8 
 3.355  4.264  0.253  0.235  0.000  0.000 9 
 3.320  4.348  0.198  0.205  0.000  0.000 9 
 3.296  4.437  0.161  0.083  0.000  0.000 9 
 4.161  5.300  0.232  0.243  0.000  0.000 9 
 3.126  4.405  0.273  0.381  0.000  0.000 10 
 3.241  4.838  0.256  0.255  0.000  0.000 9 
 3.220  5.067  0.306  0.181  0.000  0.000 9 
 3.128  5.187  0.226  0.290  0.000  0.000 9 
 3.081  5.267  0.291  0.215  0.000  0.000 9 
 3.255  5.695  0.336  0.105  0.000  0.000 9 
 3.523  6.208  0.231  0.224  0.000  0.000 8 
 3.293  5.300  0.257  0.415  0.000  0.000 9 
 3.324  4.964  0.302  0.241  0.000  0.000 9 
 3.347  4.661  0.253  0.191  0.000  0.000 9 
 3.414  4.367  0.279  0.085  0.000  0.000 9 
 3.636  4.240  0.428  0.036  0.000  0.000 9 
 5.141  5.052  0.733  0.108  0.000  0.000 8 
 6.028  5.978  0.473  0.058  0.000  0.000 7 
 4.585  4.993  0.360  0.141  0.000  0.000 7 
 4.554  4.834  0.296  0.110  0.000  0.000 8 
 4.449  5.605  0.212  0.019  0.000  0.000 7 
 4.115  4.900  0.264  0.234  0.000  0.000 8 
 3.865  4.972  0.266  0.186  0.000  0.000 8 
 3.592  5.117  0.266  0.276  0.000  0.000 8 
 3.389  5.347  0.242  0.203  0.000  0.000 8 
 3.278  5.687  0.212  0.149  0.000  0.000 8 
 3.489  8.125  0.262  0.047  0.000  0.000 6 
 3.370  7.252  0.193  0.374  0.000  0.000 7 
 3.362  7.229  0.205  0.317  0.000  0.000 7 
 3.314  6.723  0.134  0.281  0.000  0.000 7 
 3.227  5.898  0.086  0.159  0.000  0.000 7 
 2.886  4.694  0.072  0.093  0.000  0.000 8 
 3.137  4.789  0.131  0.056  0.000  0.000 8 
 3.422  4.872  0.130  0.147  0.000  0.000 8 
 3.670  4.570  0.150  0.205  0.000  0.000 8 
 3.766  4.576  0.257  0.338  0.000  0.000 8 
 4.476  5.213  0.118  0.280  0.000  0.000 8 
