2049 378.0 46.21528 20.01159 01 1.413 0.793 0.132 1.097 0.383 65.577 155.889
2049 378.0 47.97191 18.62288 03 1.386 0.745 0.123 1.097 0.383 77.505 322.936
2049 378.0 43.88341 19.27130 11 1.581 1.053 0.191 1.097 0.387 38.861 179.368
2049 378.0 50.74871 25.67556 14 1.813 1.362 0.263 1.097 0.396 27.015 49.610
2049 378.0 48.76416 13.31114 17 1.580 1.126 0.213 1.016 0.389 34.272 290.652
2049 378.0 44.12619 22.21126 18 1.577 1.124 0.204 1.016 0.388 35.991 146.755
2049 378.0 51.34023 12.15484 19 1.791 1.389 0.294 1.016 0.402 23.919 312.908
2049 378.0 47.79610 20.57322 22 1.334 0.764 0.126 1.016 0.383 71.776 68.604
2049 378.0 44.71316 16.78983 23 1.502 1.021 0.179 1.016 0.386 42.016 212.504
2049 378.0 48.11293 26.17987 31 1.665 1.263 0.235 0.984 0.392 30.555 79.331
