2049 378.0 46.21528 20.01159 01 2.502436 0.025697
2049 378.0 47.97191 18.62288 03 2.301144 0.023686
2049 378.0 43.88341 19.27130 11 2.657971 0.030472
2049 378.0 50.74871 25.67556 14 2.102400 0.028697
2049 378.0 48.76416 13.31114 17 2.048747 0.024120
2049 378.0 44.12619 22.21126 18 2.681750 0.033672
2049 378.0 51.34023 12.15484 19 1.623728 0.025271
2049 378.0 47.79610 20.57322 22 2.371131 0.023686
2049 378.0 44.71316 16.78983 23 2.572182 0.025114
2049 378.0 48.11293 26.17987 31 2.464783 0.029886
