 3.970  5.195  0.077  0.109  0.000  0.000 10 
 3.048  6.251  0.175  0.278  0.000  0.000 11 
 4.140  7.589  0.319  0.325  0.000  0.000 10 
 2.748  4.132  0.348  0.035  0.000  0.000 11 
 2.480  4.232  0.258  0.023  0.000  0.000 11 
 3.650  5.280  0.271  0.479  0.000  0.000 12 
 6.123  8.279  0.318  0.077  0.000  0.000 10 
 3.785  6.378  0.270  0.062  0.000  0.000 10 
 4.738  5.989  0.477  0.018  0.000  0.000 9 
 5.197  6.238  0.234  0.058  0.000  0.000 9 
 4.351  7.836  0.154  0.070  0.000  0.000 8 
 4.002  5.477  0.260  0.140  0.000  0.000 9 
 5.452  6.643  0.125  0.336  0.000  0.000 8 
 4.513  8.734  0.311  0.410  0.000  0.000 8 
 4.877  9.112  0.118  0.297  0.000  0.000 8 
 3.698  4.738  0.245  0.040  0.000  0.000 9 
 3.637  5.932  0.148  0.109  0.000  0.000 9 
 3.581  5.216  0.179  0.183  0.000  0.000 9 
 4.808  5.819  0.095  0.140  0.000  0.000 7 
 3.508  6.123  0.119  0.049  0.000  0.000 8 
 2.906  4.891  0.092  0.076  0.000  0.000 8 
