 3.231  9.116  0.236  0.168  0.000  0.000 8 
 3.097  8.099  0.253  0.313  0.000  0.000 8 
 3.104  7.898  0.307  0.344  0.000  0.000 8 
 3.081  7.743  0.195  0.289  0.000  0.000 8 
 3.044  7.142  0.111  0.181  0.000  0.000 8 
 3.040  6.778  0.113  0.093  0.000  0.000 8 
 3.033  6.447  0.186  0.005  0.000  0.000 8 
 2.978  6.034  0.257  0.026  0.000  0.000 8 
 3.036  5.083  0.308  0.035  0.000  0.000 9 
 3.133  4.972  0.329  0.035  0.000  0.000 9 
 3.199  4.841  0.313  0.063  0.000  0.000 9 
 3.260  4.692  0.270  0.082  0.000  0.000 9 
 3.315  4.547  0.229  0.116  0.000  0.000 9 
 3.353  4.409  0.225  0.155  0.000  0.000 9 
 3.176  4.124  0.199  0.200  0.000  0.000 10 
 3.157  4.062  0.163  0.331  0.000  0.000 10 
 3.691  4.726  0.197  0.132  0.000  0.000 8 
 3.637  4.335  0.196  0.242  0.000  0.000 9 
 3.636  4.381  0.221  0.195  0.000  0.000 9 
 3.670  4.495  0.213  0.171  0.000  0.000 9 
 3.727  4.645  0.207  0.122  0.000  0.000 9 
 3.617  4.523  0.248  0.055  0.000  0.000 10 
 3.542  4.228  0.219  0.091  0.000  0.000 11 
 3.485  4.428  0.127  0.141  0.000  0.000 10 
 3.375  4.450  0.112  0.222  0.000  0.000 10 
 3.216  4.341  0.090  0.241  0.000  0.000 11 
 3.387  4.712  0.194  0.197  0.000  0.000 10 
 3.326  4.885  0.226  0.179  0.000  0.000 10 
 3.034  4.612  0.275  0.369  0.000  0.000 11 
 2.987  4.788  0.244  0.258  0.000  0.000 11 
 2.973  4.990  0.204  0.313  0.000  0.000 11 
 2.965  5.194  0.226  0.276  0.000  0.000 11 
 2.864  5.258  0.228  0.211  0.000  0.000 11 
 2.863  5.437  0.265  0.215  0.000  0.000 11 
 2.862  5.595  0.260  0.220  0.000  0.000 11 
 2.925  5.793  0.245  0.238  0.000  0.000 11 
 2.851  5.434  0.320  0.259  0.000  0.000 11 
 2.834  5.420  0.326  0.267  0.000  0.000 11 
 2.827  5.369  0.293  0.271  0.000  0.000 11 
 2.834  5.294  0.277  0.272  0.000  0.000 11 
 2.857  5.202  0.273  0.231  0.000  0.000 11 
 2.896  5.103  0.272  0.197  0.000  0.000 11 
 2.954  5.003  0.321  0.151  0.000  0.000 11 
 3.028  4.905  0.382  0.101  0.000  0.000 11 
 3.118  4.812  0.399  0.072  0.000  0.000 11 
 3.220  4.722  0.404  0.047  0.000  0.000 11 
 3.384  4.816  0.402  0.020  0.000  0.000 11 
 3.517  4.829  0.408  0.018  0.000  0.000 11 
 3.155  4.133  0.482  0.288  0.000  0.000 12 
 3.177  4.107  0.495  0.289  0.000  0.000 12 
 3.562  4.766  0.417  0.337  0.000  0.000 10 
 3.605  4.767  0.424  0.276  0.000  0.000 10 
 3.547  4.692  0.419  0.229  0.000  0.000 10 
 3.224  4.416  0.398  0.188  0.000  0.000 10 
 3.115  4.365  0.405  0.147  0.000  0.000 10 
 2.826  3.783  0.444  0.113  0.000  0.000 11 
 2.831  3.902  0.474  0.043  0.000  0.000 11 
 2.763  3.915  0.462  0.018  0.000  0.000 11 
 2.706  3.958  0.436  0.004  0.000  0.000 11 
 2.631  3.945  0.358  0.042  0.000  0.000 11 
 2.590  3.977  0.321  0.273  0.000  0.000 11 
 2.558  4.032  0.308  0.276  0.000  0.000 11 
 2.507  4.008  0.295  0.264  0.000  0.000 11 
 2.690  4.256  0.292  0.271  0.000  0.000 11 
 2.752  4.363  0.281  0.279  0.000  0.000 11 
 2.613  4.258  0.295  0.251  0.000  0.000 11 
 2.453  4.095  0.307  0.222  0.000  0.000 11 
 2.379  3.951  0.316  0.205  0.000  0.000 11 
 2.500  4.229  0.315  0.238  0.000  0.000 10 
 2.388  4.001  0.346  0.160  0.000  0.000 11 
 2.357  4.035  0.398  0.051  0.000  0.000 11 
 2.311  4.019  0.423  0.043  0.000  0.000 11 
 2.304  3.937  0.377  0.080  0.000  0.000 11 
 2.474  4.125  0.384  0.137  0.000  0.000 11 
 2.523  4.178  0.384  0.076  0.000  0.000 11 
 2.433  3.969  0.444  0.192  0.000  0.000 12 
 2.478  3.992  0.494  0.075  0.000  0.000 12 
 2.524  4.005  0.560  0.031  0.000  0.000 12 
 2.655  4.236  0.610  0.001  0.000  0.000 12 
 2.711  4.305  0.695  0.082  0.000  0.000 12 
 2.848  4.687  0.557  0.001  0.000  0.000 11 
 2.888  4.589  0.560  0.012  0.000  0.000 11 
 3.290  5.147  0.562  0.063  0.000  0.000 10 
 3.243  4.930  0.559  0.040  0.000  0.000 10 
 3.195  4.724  0.561  0.064  0.000  0.000 10 
 3.218  4.669  0.587  0.171  0.000  0.000 10 
 3.250  4.579  0.544  0.144  0.000  0.000 10 
 3.301  4.496  0.460  0.099  0.000  0.000 10 
 3.465  4.470  0.471  0.090  0.000  0.000 10 
 3.700  4.498  0.510  0.033  0.000  0.000 10 
 3.567  4.335  0.388  0.120  0.000  0.000 11 
 3.644  4.565  0.365  0.182  0.000  0.000 11 
 3.246  4.101  0.467  0.314  0.000  0.000 12 
 3.455  4.277  0.453  0.291  0.000  0.000 11 
 4.068  4.819  0.443  0.160  0.000  0.000 10 
 3.990  4.783  0.408  0.181  0.000  0.000 10 
 4.018  4.841  0.334  0.165  0.000  0.000 10 
 4.021  5.248  0.289  0.145  0.000  0.000 10 
 3.884  5.178  0.281  0.175  0.000  0.000 10 
 3.680  5.000  0.285  0.291  0.000  0.000 10 
 3.587  5.005  0.322  0.252  0.000  0.000 10 
 3.511  5.054  0.302  0.267  0.000  0.000 10 
 3.618  5.264  0.311  0.260  0.000  0.000 10 
 3.362  4.893  0.290  0.279  0.000  0.000 10 
 3.259  4.780  0.333  0.271  0.000  0.000 10 
 3.324  4.802  0.331  0.258  0.000  0.000 10 
 3.342  4.791  0.371  0.245  0.000  0.000 10 
 3.347  4.739  0.325  0.262  0.000  0.000 10 
 3.300  4.635  0.300  0.258  0.000  0.000 10 
 3.312  4.553  0.305  0.130  0.000  0.000 10 
 3.373  4.502  0.358  0.082  0.000  0.000 10 
 3.115  4.073  0.397  0.148  0.000  0.000 11 
 3.152  4.048  0.416  0.153  0.000  0.000 11 
 3.620  4.983  0.307  0.203  0.000  0.000 9 
 3.757  5.155  0.313  0.226  0.000  0.000 9 
 3.816  5.209  0.332  0.232  0.000  0.000 9 
 3.807  5.199  0.340  0.137  0.000  0.000 9 
 3.865  5.149  0.374  0.100  0.000  0.000 9 
 3.895  4.899  0.356  0.164  0.000  0.000 9 
 3.955  4.908  0.295  0.126  0.000  0.000 9 
 4.022  5.000  0.248  0.057  0.000  0.000 9 
 3.935  4.852  0.317  0.008  0.000  0.000 9 
 3.808  4.596  0.449  0.030  0.000  0.000 9 
 3.980  4.602  0.410  0.035  0.000  0.000 9 
 4.000  4.576  0.318  0.074  0.000  0.000 9 
 4.002  4.474  0.365  0.068  0.000  0.000 9 
 4.084  4.507  0.328  0.165  0.000  0.000 9 
 4.578  5.110  0.188  0.018  0.000  0.000 9 
 4.752  5.313  0.178  0.058  0.000  0.000 9 
 4.793  5.411  0.191  0.008  0.000  0.000 9 
 5.143  5.841  0.260  0.080  0.000  0.000 9 
 5.105  5.914  0.237  0.198  0.000  0.000 8 
 5.139  5.906  0.229  0.231  0.000  0.000 8 
 5.030  5.812  0.273  0.241  0.000  0.000 8 
 5.063  6.311  0.237  0.192  0.000  0.000 7 
 4.986  6.422  0.235  0.098  0.000  0.000 7 
 4.835  6.464  0.244  0.015  0.000  0.000 7 
 4.687  6.541  0.244  0.007  0.000  0.000 7 
 4.542  6.603  0.358  0.091  0.000  0.000 7 
 4.096  5.863  0.413  0.219  0.000  0.000 8 
 3.998  5.940  0.384  0.189  0.000  0.000 8 
 3.945  6.230  0.304  0.198  0.000  0.000 8 
 3.876  6.476  0.259  0.182  0.000  0.000 8 
 3.831  6.615  0.251  0.123  0.000  0.000 8 
 3.816  6.801  0.276  0.053  0.000  0.000 8 
 3.706  5.598  0.265  0.135  0.000  0.000 9 
 3.785  6.379  0.309  0.071  0.000  0.000 8 
 3.787  6.545  0.294  0.112  0.000  0.000 8 
 3.670  6.136  0.246  0.111  0.000  0.000 8 
 3.607  5.900  0.195  0.130  0.000  0.000 8 
 3.559  5.703  0.196  0.161  0.000  0.000 8 
 3.584  5.659  0.269  0.044  0.000  0.000 8 
 3.519  5.333  0.277  0.016  0.000  0.000 8 
 3.555  5.219  0.291  0.203  0.000  0.000 8 
 3.635  5.148  0.252  0.295  0.000  0.000 8 
 3.786  5.206  0.355  0.358  0.000  0.000 8 
 4.814  6.867  0.373  0.222  0.000  0.000 6 
 4.623  5.961  0.533  0.114  0.000  0.000 7 
 4.696  5.913  0.504  0.024  0.000  0.000 7 
 4.715  5.384  0.442  0.179  0.000  0.000 8 
 4.991  5.945  0.484  0.030  0.000  0.000 7 
 5.294  5.957  0.429  0.022  0.000  0.000 7 
 5.274  5.955  0.398  0.032  0.000  0.000 7 
 5.226  5.816  0.513  0.037  0.000  0.000 7 
 5.311  5.968  0.457  0.042  0.000  0.000 7 
 4.337  4.906  0.431  0.286  0.000  0.000 8 
 4.046  4.684  0.464  0.317  0.000  0.000 9 
 4.152  4.857  0.464  0.220  0.000  0.000 9 
 4.755  5.242  0.538  0.219  0.000  0.000 8 
 4.726  5.405  0.372  0.277  0.000  0.000 8 
 4.701  5.618  0.317  0.231  0.000  0.000 8 
 4.602  5.830  0.340  0.105  0.000  0.000 8 
 4.542  6.176  0.287  0.151  0.000  0.000 8 
 4.488  6.523  0.235  0.273  0.000  0.000 8 
 4.486  6.839  0.147  0.387  0.000  0.000 8 
 3.740  5.638  0.252  0.234  0.000  0.000 9 
 3.707  5.828  0.269  0.170  0.000  0.000 9 
 3.522  6.125  0.241  0.348  0.000  0.000 9 
 3.531  6.293  0.178  0.385  0.000  0.000 9 
 3.470  6.400  0.142  0.391  0.000  0.000 9 
 3.383  6.357  0.164  0.347  0.000  0.000 9 
 3.270  6.155  0.149  0.292  0.000  0.000 9 
 3.077  6.022  0.123  0.319  0.000  0.000 9 
 3.277  6.303  0.183  0.446  0.000  0.000 9 
 3.086  5.944  0.148  0.413  0.000  0.000 9 
 2.825  5.853  0.112  0.365  0.000  0.000 8 
 2.922  5.779  0.103  0.393  0.000  0.000 8 
 3.173  5.917  0.128  0.416  0.000  0.000 8 
 3.254  5.827  0.112  0.443  0.000  0.000 8 
 3.444  6.216  0.120  0.434  0.000  0.000 8 
 3.632  6.375  0.181  0.437  0.000  0.000 8 
 3.768  6.210  0.156  0.397  0.000  0.000 7 
 4.916  6.879  0.144  0.262  0.000  0.000 7 
 4.847  6.466  0.147  0.271  0.000  0.000 7 
 4.892  5.991  0.223  0.307  0.000  0.000 8 
 4.903  5.742  0.190  0.252  0.000  0.000 8 
 3.494  4.298  0.294  0.337  0.000  0.000 9 
 3.976  4.654  0.412  0.250  0.000  0.000 8 
 4.097  4.800  0.304  0.205  0.000  0.000 8 
 3.980  4.719  0.223  0.228  0.000  0.000 8 
 3.364  4.271  0.242  0.242  0.000  0.000 9 
 3.335  4.288  0.238  0.240  0.000  0.000 9 
 3.313  4.344  0.206  0.229  0.000  0.000 9 
 3.369  4.440  0.159  0.119  0.000  0.000 9 
 3.323  4.457  0.156  0.079  0.000  0.000 9 
 3.160  4.240  0.179  0.226  0.000  0.000 10 
 4.144  5.243  0.222  0.227  0.000  0.000 9 
 4.203  5.423  0.183  0.259  0.000  0.000 9 
 3.148  4.416  0.236  0.325  0.000  0.000 10 
 3.247  4.690  0.235  0.271  0.000  0.000 9 
 3.214  4.813  0.281  0.247  0.000  0.000 9 
 3.232  4.961  0.312  0.210  0.000  0.000 9 
 3.219  5.066  0.286  0.266  0.000  0.000 9 
 3.169  5.130  0.232  0.322  0.000  0.000 9 
 3.129  5.187  0.223  0.296  0.000  0.000 9 
 3.099  5.234  0.246  0.261  0.000  0.000 9 
 3.081  5.266  0.315  0.202  0.000  0.000 9 
 3.088  5.303  0.362  0.190  0.000  0.000 9 
 3.259  5.702  0.331  0.150  0.000  0.000 9 
 3.353  5.882  0.257  0.080  0.000  0.000 9 
 3.530  6.219  0.243  0.080  0.000  0.000 8 
 3.289  5.383  0.249  0.443  0.000  0.000 9 
 3.293  5.299  0.269  0.402  0.000  0.000 9 
 3.293  5.136  0.297  0.292  0.000  0.000 9 
 3.335  5.013  0.284  0.245  0.000  0.000 9 
 3.305  4.773  0.261  0.211  0.000  0.000 9 
 3.316  4.629  0.251  0.192  0.000  0.000 9 
 3.300  4.428  0.238  0.161  0.000  0.000 9 
 3.405  4.357  0.283  0.081  0.000  0.000 9 
 3.521  4.295  0.348  0.031  0.000  0.000 9 
 3.640  4.240  0.436  0.040  0.000  0.000 9 
 3.745  4.172  0.464  0.042  0.000  0.000 9 
 5.144  5.054  0.728  0.106  0.000  0.000 8 
 5.162  4.931  0.650  0.072  0.000  0.000 8 
 6.042  5.985  0.459  0.074  0.000  0.000 7 
 6.781  6.255  0.501  0.135  0.000  0.000 6 
 4.625  5.026  0.359  0.152  0.000  0.000 7 
 4.606  5.151  0.304  0.133  0.000  0.000 7 
 4.550  4.861  0.300  0.109  0.000  0.000 8 
 4.495  4.834  0.277  0.101  0.000  0.000 8 
 4.447  5.590  0.207  0.019  0.000  0.000 7 
 4.239  4.879  0.224  0.322  0.000  0.000 8 
 4.128  4.931  0.253  0.272  0.000  0.000 8 
 3.996  4.918  0.271  0.185  0.000  0.000 8 
 3.866  4.960  0.267  0.182  0.000  0.000 8 
 3.719  5.035  0.257  0.202  0.000  0.000 8 
 3.588  5.117  0.258  0.259  0.000  0.000 8 
 3.446  5.185  0.269  0.240  0.000  0.000 8 
 3.370  5.321  0.255  0.189  0.000  0.000 8 
 3.321  5.503  0.234  0.187  0.000  0.000 8 
 3.278  5.686  0.215  0.173  0.000  0.000 8 
 3.303  5.910  0.196  0.165  0.000  0.000 8 
 3.588  8.242  0.285  0.033  0.000  0.000 6 
 3.493  8.517  0.304  0.010  0.000  0.000 6 
 3.420  7.360  0.178  0.361  0.000  0.000 7 
 3.364  7.303  0.201  0.371  0.000  0.000 7 
 3.362  7.228  0.205  0.334  0.000  0.000 7 
 3.349  7.029  0.196  0.310  0.000  0.000 7 
 3.317  6.727  0.158  0.328  0.000  0.000 7 
 3.297  6.384  0.122  0.238  0.000  0.000 7 
 3.269  5.959  0.103  0.173  0.000  0.000 7 
 2.922  4.938  0.036  0.147  0.000  0.000 8 
 2.933  4.816  0.057  0.107  0.000  0.000 8 
 2.915  4.566  0.114  0.055  0.000  0.000 8 
 3.067  4.707  0.138  0.053  0.000  0.000 8 
 3.275  4.853  0.111  0.150  0.000  0.000 8 
 3.343  4.805  0.122  0.168  0.000  0.000 8 
 3.629  4.604  0.124  0.146  0.000  0.000 8 
 3.620  4.533  0.143  0.162  0.000  0.000 8 
 3.705  4.550  0.142  0.210  0.000  0.000 8 
 3.746  4.561  0.230  0.275  0.000  0.000 8 
 4.718  5.437  0.211  0.275  0.000  0.000 7 
 4.433  5.174  0.158  0.319  0.000  0.000 8 
 4.371  5.205  0.095  0.278  0.000  0.000 8 
