 4.022 10.124  0.213  0.087  0.000  0.000 8 
 3.860  9.261  0.154  0.022  0.000  0.000 8 
 3.430  7.725  0.081  0.114  0.000  0.000 8 
 3.356  6.898  0.094  0.053  0.000  0.000 8 
 3.480  6.814  0.143  0.153  0.000  0.000 8 
 3.396  4.953  0.088  0.178  0.000  0.000 10 
 3.744  5.267  0.039  0.026  0.000  0.000 10 
 3.725  5.074  0.094  0.107  0.000  0.000 9 
 3.742  5.034  0.036  0.286  0.000  0.000 9 
 3.733  4.691  0.010  0.041  0.000  0.000 10 
 3.912  5.120  0.070  0.103  0.000  0.000 10 
 3.965  5.266  0.050  0.110  0.000  0.000 10 
 4.381  5.410  0.028  0.063  0.000  0.000 10 
 3.836  5.565  0.044  0.103  0.000  0.000 10 
 3.457  5.915  0.116  0.133  0.000  0.000 10 
 3.345  6.647  0.213  0.159  0.000  0.000 10 
 3.110  6.407  0.173  0.279  0.000  0.000 11 
 3.114  6.683  0.176  0.287  0.000  0.000 11 
 3.339  6.092  0.240  0.105  0.000  0.000 11 
 3.280  6.085  0.232  0.037  0.000  0.000 11 
 3.399  6.185  0.292  0.027  0.000  0.000 11 
 3.478  6.101  0.319  0.014  0.000  0.000 11 
 4.151  7.622  0.304  0.294  0.000  0.000 10 
 4.197  7.065  0.325  0.283  0.000  0.000 10 
 4.253  6.058  0.331  0.273  0.000  0.000 11 
 3.407  4.685  0.418  0.138  0.000  0.000 10 
 3.151  4.457  0.396  0.023  0.000  0.000 10 
 2.843  4.016  0.368  0.040  0.000  0.000 11 
 2.708  4.065  0.355  0.048  0.000  0.000 11 
 2.626  4.168  0.331  0.005  0.000  0.000 11 
 2.733  4.816  0.270  0.010  0.000  0.000 10 
 2.514  4.366  0.273  0.099  0.000  0.000 11 
 2.497  4.428  0.236  0.035  0.000  0.000 11 
 2.500  4.409  0.183  0.087  0.000  0.000 11 
 2.421  4.151  0.232  0.011  0.000  0.000 11 
 2.360  4.059  0.246  0.097  0.000  0.000 11 
 2.620  4.403  0.315  0.201  0.000  0.000 11 
 2.854  4.925  0.385  0.125  0.000  0.000 11 
 2.841  4.593  0.400  0.183  0.000  0.000 12 
 3.301  4.976  0.224  0.556  0.000  0.000 12 
 3.632  5.249  0.295  0.395  0.000  0.000 12 
 3.883  5.801  0.378  0.080  0.000  0.000 10 
 4.030  5.545  0.390  0.044  0.000  0.000 10 
 4.653  5.722  0.364  0.030  0.000  0.000 11 
 5.327  6.579  0.310  0.060  0.000  0.000 11 
 5.451  6.563  0.346  0.135  0.000  0.000 11 
 6.031  8.178  0.378  0.078  0.000  0.000 10 
 4.658  6.376  0.334  0.406  0.000  0.000 10 
 4.280  5.943  0.332  0.273  0.000  0.000 10 
 3.941  5.837  0.401  0.332  0.000  0.000 10 
 3.936  6.215  0.295  0.318  0.000  0.000 10 
 3.714  5.779  0.261  0.222  0.000  0.000 11 
 3.767  6.325  0.282  0.065  0.000  0.000 10 
 3.541  5.499  0.295  0.108  0.000  0.000 10 
 3.703  5.568  0.424  0.120  0.000  0.000 10 
 3.888  5.440  0.366  0.014  0.000  0.000 10 
 3.991  5.463  0.405  0.253  0.000  0.000 10 
 4.936  6.531  0.336  0.156  0.000  0.000 9 
 4.775  6.053  0.475  0.025  0.000  0.000 9 
 4.782  5.762  0.615  0.209  0.000  0.000 9 
 4.430  5.146  0.401  0.060  0.000  0.000 9 
 4.748  5.414  0.250  0.168  0.000  0.000 9 
 4.347  5.257  0.185  0.258  0.000  0.000 10 
 4.841  6.216  0.222  0.378  0.000  0.000 8 
 5.148  6.171  0.231  0.088  0.000  0.000 9 
 5.151  6.517  0.342  0.094  0.000  0.000 8 
 5.261  7.071  0.484  0.232  0.000  0.000 8 
 4.993  7.312  0.280  0.221  0.000  0.000 8 
 4.526  7.267  0.186  0.290  0.000  0.000 8 
 4.286  7.367  0.159  0.260  0.000  0.000 8 
 4.114  7.423  0.156  0.101  0.000  0.000 8 
 4.082  7.533  0.107  0.054  0.000  0.000 8 
 4.434  7.915  0.107  0.022  0.000  0.000 8 
 4.271  6.099  0.100  0.174  0.000  0.000 9 
 4.240  6.898  0.168  0.080  0.000  0.000 8 
 4.048  6.265  0.172  0.132  0.000  0.000 8 
 4.045  5.518  0.234  0.169  0.000  0.000 9 
 4.736  6.229  0.214  0.204  0.000  0.000 8 
 4.886  6.366  0.224  0.018  0.000  0.000 8 
 5.243  7.103  0.373  0.111  0.000  0.000 7 
 5.725  6.720  0.437  0.048  0.000  0.000 8 
 5.767  6.791  0.189  0.182  0.000  0.000 8 
 5.625  6.723  0.069  0.286  0.000  0.000 8 
 5.187  6.477  0.084  0.041  0.000  0.000 8 
 4.731  7.060  0.148  0.185  0.000  0.000 7 
 4.379  7.458  0.174  0.072  0.000  0.000 7 
 4.247  9.136  0.208  0.110  0.000  0.000 7 
 3.902  7.574  0.208  0.209  0.000  0.000 8 
 4.369  8.870  0.327  0.391  0.000  0.000 8 
 3.898  9.585  0.316  0.455  0.000  0.000 7 
 5.699 11.776  0.307  0.447  0.000  0.000 7 
 7.393 13.922  0.195  0.366  0.000  0.000 7 
 3.853 10.365  0.175  0.148  0.000  0.000 7 
 4.667 12.417  0.174  0.106  0.000  0.000 7 
 4.946  9.087  0.171  0.378  0.000  0.000 8 
 5.339  9.068  0.138  0.138  0.000  0.000 7 
 5.971  8.187  0.225  0.468  0.000  0.000 8 
 6.270  8.150  0.196  0.202  0.000  0.000 8 
 5.774  7.215  0.031  0.084  0.000  0.000 9 
 3.832  4.965  0.301  0.138  0.000  0.000 9 
 3.614  4.732  0.236  0.102  0.000  0.000 9 
 3.548  4.775  0.271  0.129  0.000  0.000 9 
 3.691  5.046  0.262  0.104  0.000  0.000 9 
 3.636  5.185  0.224  0.011  0.000  0.000 9 
 3.517  5.097  0.114  0.257  0.000  0.000 9 
 3.600  5.485  0.158  0.195  0.000  0.000 9 
 3.462  5.760  0.153  0.098  0.000  0.000 9 
 3.318  5.987  0.136  0.027  0.000  0.000 9 
 4.111  7.348  0.177  0.040  0.000  0.000 9 
 3.742  7.071  0.087  0.012  0.000  0.000 9 
 4.263  7.656  0.122  0.023  0.000  0.000 8 
 3.515  5.617  0.139  0.017  0.000  0.000 9 
 3.620  5.207  0.171  0.121  0.000  0.000 9 
 3.749  4.866  0.173  0.195  0.000  0.000 9 
 3.977  4.616  0.235  0.133  0.000  0.000 9 
 4.287  4.805  0.229  0.165  0.000  0.000 8 
 7.379  6.235  0.579  0.526  0.000  0.000 8 
 4.848  5.953  0.191  0.177  0.000  0.000 7 
 4.820  5.879  0.086  0.154  0.000  0.000 7 
 4.353  5.661  0.144  0.051  0.000  0.000 7 
 4.301  5.943  0.099  0.090  0.000  0.000 7 
 3.924  5.138  0.158  0.010  0.000  0.000 8 
 3.583  5.180  0.193  0.117  0.000  0.000 8 
 3.378  5.358  0.301  0.264  0.000  0.000 8 
 3.468  6.042  0.157  0.089  0.000  0.000 8 
 3.466  6.614  0.092  0.027  0.000  0.000 8 
 3.814  7.545  0.066  0.021  0.000  0.000 7 
 3.757 10.118  0.028  0.051  0.000  0.000 6 
 3.542  7.279  0.110  0.252  0.000  0.000 7 
 3.274  5.564  0.103  0.044  0.000  0.000 8 
 2.938  4.925  0.097  0.066  0.000  0.000 8 
 3.106  4.953  0.102  0.213  0.000  0.000 8 
 3.765  5.404  0.031  0.115  0.000  0.000 8 
 4.536  5.921  0.077  0.121  0.000  0.000 8 
 4.960  6.456  0.050  0.130  0.000  0.000 8 
 5.229  5.928  0.143  0.095  0.000  0.000 8 
