 15.00 -25.00 78.125 54.737 101.513 21.044 12.650 49.927 
 15.00 -20.00 14.145  7.579 20.711  8.518  5.671 15.632 
 15.00 -15.00 12.635  5.478 19.792  9.285  6.181 17.041 
 15.00 -10.00 33.600 -449.432 516.632 43.561 16.946 1185.183 
 20.00 -25.00 34.368  8.945 59.792 31.886 21.031 59.751 
 20.00 -20.00  7.032  3.402 10.662  5.008  3.390  8.862 
 20.00 -15.00  5.436  4.727  6.146  0.979  0.663  1.732 
 20.00 -10.00  9.159  4.447 13.871  6.501  4.401 11.504 
 20.00  -5.00 36.950 -112.974 186.874 32.526 14.250 326.838 
 20.00  15.00 84.200 84.200 84.200  0.000  0.000  0.000 
 20.00  20.00 84.200 84.200 84.200  0.000  0.000  0.000 
 20.00  25.00 34.423 11.181 57.665 32.066 21.708 56.740 
 20.00  30.00 18.423  5.849 30.996 17.347 11.744 30.696 
 20.00  35.00 36.824 12.563 61.084 28.224 18.231 55.517 
 20.00  40.00  0.000  0.000  0.000  0.000  0.000  0.000 
 25.00 -30.00 60.879 35.527 86.231 31.797 20.972 59.584 
 25.00 -25.00  7.845  4.253 11.438  4.957  3.356  8.771 
 25.00 -20.00  4.559  4.097  5.021  0.637  0.432  1.128 
 25.00 -15.00  4.459  4.115  4.803  0.475  0.321  0.840 
 25.00 -10.00  4.745  4.236  5.255  0.704  0.476  1.245 
 25.00  -5.00  9.819  3.868 15.771  7.970  5.352 14.350 
 25.00   0.00 43.871 18.993 68.750 33.315 22.372 59.989 
 25.00   5.00 51.133 26.605 75.662 32.846 22.057 59.144 
 25.00  10.00 52.119 28.203 76.035 32.026 21.506 57.666 
 25.00  15.00 54.762 28.377 81.146 35.332 23.726 63.619 
 25.00  20.00 40.929 16.671 65.186 32.484 21.814 58.491 
 25.00  25.00  9.900  4.370 15.430  7.630  5.165 13.500 
 25.00  30.00  6.791  3.231 10.350  4.911  3.325  8.690 
 25.00  35.00  8.245  4.699 11.792  4.893  3.312  8.658 
 25.00  40.00 49.862 14.633 85.091 33.744 20.641 76.253 
 25.00  45.00  0.000  0.000  0.000  0.000  0.000  0.000 
 30.00 -35.00 84.200 84.200 84.200  0.000  0.000  0.000 
 30.00 -30.00 32.843 12.559 53.127 27.163 18.240 48.910 
 30.00 -25.00  4.845  4.544  5.147  0.416  0.282  0.736 
 30.00 -20.00  4.382  4.096  4.668  0.395  0.267  0.699 
 30.00 -15.00  4.350  4.133  4.567  0.299  0.202  0.529 
 30.00 -10.00  4.382  4.129  4.635  0.349  0.236  0.617 
 30.00  -5.00  4.668  4.189  5.148  0.661  0.448  1.170 
 30.00   0.00  5.871  4.302  7.441  2.102  1.411  3.784 
 30.00   5.00 10.367 -2.845 23.579 17.692 11.881 31.857 
 30.00  10.00  7.376  2.171 12.581  6.970  4.681 12.551 
 30.00  15.00  5.133  3.972  6.294  1.555  1.044  2.800 
 30.00  20.00  6.114  2.298  9.931  5.111  3.432  9.202 
 30.00  25.00  5.005  4.363  5.646  0.885  0.599  1.566 
 30.00  30.00  5.086  4.571  5.602  0.711  0.482  1.259 
 30.00  35.00  5.436  4.649  6.224  1.086  0.735  1.922 
 30.00  40.00 23.432  4.565 42.299 26.030 17.622 46.060 
 30.00  45.00 64.833 -288.975 418.642 31.907 12.413 868.117 
 35.00 -35.00 19.428 12.003 26.853  8.982  5.865 17.222 
 35.00 -30.00  6.333  5.043  7.624  1.728  1.161  3.112 
 35.00 -25.00  4.877  4.431  5.324  0.616  0.417  1.091 
 35.00 -20.00  4.355  4.136  4.573  0.302  0.204  0.534 
 35.00 -15.00  4.300  4.077  4.523  0.307  0.208  0.543 
 35.00 -10.00  4.323  4.094  4.552  0.316  0.214  0.559 
 35.00  -5.00  4.405  4.195  4.614  0.289  0.195  0.511 
 35.00   0.00  4.409  4.202  4.616  0.286  0.194  0.506 
 35.00   5.00  4.382  4.168  4.596  0.295  0.200  0.523 
 35.00  10.00  4.400  4.096  4.704  0.420  0.284  0.743 
 35.00  15.00  4.348  4.046  4.650  0.404  0.272  0.728 
 35.00  20.00  4.414  4.130  4.699  0.381  0.256  0.686 
 35.00  25.00  4.645  4.375  4.915  0.373  0.252  0.659 
 35.00  30.00  4.691  4.269  5.113  0.582  0.394  1.030 
 35.00  35.00  5.018  4.537  5.500  0.664  0.450  1.176 
 35.00  40.00  9.159  4.459 13.859  6.484  4.390 11.474 
 35.00  45.00 83.890 82.920 84.860  0.749  0.432  2.017 
 40.00 -50.00 84.200 84.200 84.200  0.000  0.000  0.000 
 40.00 -45.00 84.200 84.200 84.200  0.000  0.000  0.000 
 40.00 -40.00 74.850 57.065 92.635 21.513 14.048 41.251 
 40.00 -35.00 14.273  7.914 20.631  8.773  5.939 15.523 
 40.00 -30.00  9.536  4.960 14.113  6.314  4.274 11.172 
 40.00 -25.00  6.014  4.772  7.255  1.713  1.160  3.032 
 40.00 -20.00  4.850  4.479  5.221  0.512  0.347  0.907 
 40.00 -15.00  4.645  4.428  4.863  0.300  0.203  0.531 
 40.00 -10.00  4.559  4.465  4.653  0.130  0.088  0.229 
 40.00  -5.00  4.505  4.489  4.520  0.021  0.014  0.038 
 40.00   0.00  4.445  4.317  4.573  0.177  0.120  0.312 
 40.00   5.00  4.227  4.006  4.449  0.306  0.207  0.541 
 40.00  10.00  4.282  4.068  4.496  0.295  0.200  0.523 
 40.00  15.00  4.336  4.097  4.576  0.330  0.224  0.584 
 40.00  20.00  4.364  4.177  4.550  0.257  0.174  0.455 
 40.00  25.00  4.582  4.273  4.891  0.426  0.288  0.754 
 40.00  30.00  4.814  4.465  5.162  0.480  0.325  0.850 
 40.00  35.00  5.709  4.583  6.835  1.554  1.052  2.749 
 40.00  40.00 11.282  5.232 17.332  8.347  5.651 14.770 
 40.00  45.00 60.082 20.117 100.047 33.498 19.744 84.175 
 40.00  50.00  0.000  0.000  0.000  0.000  0.000  0.000 
 45.00 -50.00 84.200 84.200 84.200  0.000  0.000  0.000 
 45.00 -45.00 84.200 84.200 84.200  0.000  0.000  0.000 
 45.00 -40.00 84.200 84.200 84.200  0.000  0.000  0.000 
 45.00 -35.00 48.727 26.408 71.047 30.793 20.847 54.488 
 45.00 -30.00 15.823  8.817 22.828  9.665  6.543 17.102 
 45.00 -25.00 12.745  6.385 19.106  8.776  5.941 15.528 
 45.00 -20.00  8.314  3.645 12.982  6.441  4.361 11.398 
 45.00 -15.00  5.155  4.755  5.554  0.551  0.373  0.975 
 45.00 -10.00  4.550  4.386  4.714  0.226  0.153  0.400 
 45.00  -5.00  4.418  4.265  4.571  0.211  0.143  0.373 
 45.00   0.00  4.445  4.260  4.631  0.256  0.173  0.453 
 45.00   5.00  4.473  4.310  4.636  0.225  0.152  0.398 
 45.00  10.00  4.336  4.097  4.576  0.330  0.224  0.584 
 45.00  15.00  4.418  4.215  4.622  0.281  0.190  0.496 
 45.00  20.00  4.500  4.268  4.732  0.321  0.217  0.567 
 45.00  25.00  4.741  4.459  5.023  0.389  0.263  0.688 
 45.00  30.00  5.336  4.715  5.958  0.858  0.581  1.518 
 45.00  35.00  7.077  5.554  8.601  2.102  1.423  3.719 
 45.00  40.00 26.177 10.986 41.369 20.959 14.189 37.087 
 45.00  45.00 73.773 46.820 100.725 22.591 13.316 56.768 
 45.00  50.00  0.000  0.000  0.000  0.000  0.000  0.000 
 50.00 -50.00 84.200 84.200 84.200  0.000  0.000  0.000 
 50.00 -45.00 84.200 84.200 84.200  0.000  0.000  0.000 
 50.00 -40.00 84.200 84.200 84.200  0.000  0.000  0.000 
 50.00 -35.00 84.200 84.200 84.200  0.000  0.000  0.000 
 50.00 -30.00 81.650 72.981 90.319 11.961  8.097 21.164 
 50.00 -25.00 69.045 48.087 90.004 28.915 19.575 51.165 
 50.00 -20.00 14.286  7.074 21.498  9.950  6.736 17.607 
 50.00 -15.00  5.482  4.795  6.168  0.947  0.641  1.676 
 50.00 -10.00  4.827  4.424  5.231  0.557  0.377  0.985 
 50.00  -5.00  4.555  4.369  4.740  0.256  0.173  0.453 
 50.00   0.00  4.473  4.261  4.684  0.291  0.197  0.516 
 50.00   5.00  4.473  4.261  4.684  0.291  0.197  0.516 
 50.00  10.00  4.364  4.177  4.550  0.257  0.174  0.455 
 50.00  15.00  4.418  4.215  4.622  0.281  0.190  0.496 
 50.00  20.00  4.500  4.366  4.634  0.185  0.125  0.328 
 50.00  25.00  4.605  4.399  4.810  0.284  0.192  0.502 
 50.00  30.00  5.427  4.749  6.106  0.936  0.634  1.656 
 50.00  35.00 12.209  6.457 17.961  7.935  5.372 14.042 
 50.00  40.00 66.500 44.891 88.109 28.937 19.432 52.105 
 50.00  45.00 80.588 68.032 93.143 14.003  8.939 28.339 
 50.00  50.00  0.000  0.000  0.000  0.000  0.000  0.000 
 55.00 -50.00 84.200 84.200 84.200  0.000  0.000  0.000 
 55.00 -45.00 84.200 84.200 84.200  0.000  0.000  0.000 
 55.00 -40.00 84.200 84.200 84.200  0.000  0.000  0.000 
 55.00 -35.00 84.200 84.200 84.200  0.000  0.000  0.000 
 55.00 -30.00 72.341 53.453 91.229 26.058 17.641 46.110 
 55.00 -25.00 27.277  9.285 45.269 24.823 16.805 43.923 
 55.00 -20.00  8.359  3.428 13.290  6.803  4.606 12.038 
 55.00 -15.00  5.614  4.475  6.753  1.571  1.064  2.780 
 55.00 -10.00  4.873  4.481  5.264  0.540  0.366  0.956 
 55.00  -5.00  4.595  4.394  4.797  0.279  0.189  0.493 
 55.00   0.00  4.500  4.268  4.732  0.321  0.217  0.567 
 55.00   5.00  4.418  4.215  4.622  0.281  0.190  0.496 
 55.00  10.00  4.418  4.265  4.571  0.211  0.143  0.373 
 55.00  15.00  4.391  4.173  4.609  0.301  0.204  0.532 
 55.00  20.00  4.364  4.177  4.550  0.257  0.174  0.455 
 55.00  25.00  4.364  4.177  4.550  0.257  0.174  0.455 
 55.00  30.00  4.609  4.437  4.781  0.237  0.160  0.419 
 55.00  35.00  5.845  4.738  6.953  1.528  1.035  2.704 
 55.00  40.00 23.333  6.658 40.009 22.330 14.995 40.208 
 55.00  45.00 67.419 40.475 94.363 30.052 19.184 60.818 
 55.00  50.00 70.175 28.584 111.766 25.969 14.149 84.817 
 60.00 -55.00 84.200 84.200 84.200  0.000  0.000  0.000 
 60.00 -50.00 84.200 84.200 84.200  0.000  0.000  0.000 
 60.00 -45.00 68.262 48.977 87.547 25.825 17.342 46.501 
 60.00 -40.00 78.767 66.185 91.349 16.848 11.314 30.338 
 60.00 -35.00 36.238 14.865 57.611 28.621 19.219 51.535 
 60.00 -30.00 10.432  4.876 15.988  7.665  5.189 13.564 
 60.00 -25.00  5.536  4.798  6.275  1.019  0.690  1.803 
 60.00 -20.00  5.059  4.612  5.506  0.617  0.418  1.092 
 60.00 -15.00  4.864  4.601  5.126  0.362  0.245  0.640 
 60.00 -10.00  4.686  4.495  4.878  0.264  0.179  0.468 
 60.00  -5.00  4.627  4.431  4.824  0.271  0.184  0.480 
 60.00   0.00  4.550  4.338  4.762  0.292  0.198  0.517 
 60.00   5.00  4.477  4.265  4.689  0.293  0.198  0.518 
 60.00  10.00  4.445  4.260  4.631  0.256  0.173  0.453 
 60.00  15.00  4.391  4.219  4.563  0.237  0.160  0.419 
 60.00  20.00  4.418  4.215  4.622  0.281  0.190  0.496 
 60.00  25.00  4.445  4.217  4.674  0.316  0.214  0.559 
 60.00  30.00  4.627  4.209  5.046  0.578  0.391  1.022 
 60.00  35.00  4.977  4.218  5.736  1.047  0.709  1.853 
 60.00  40.00  9.523 -2.597 21.642 16.720 11.320 29.587 
 60.00  45.00 27.238  5.143 49.333 29.587 19.868 53.276 
 60.00  50.00 66.679 38.015 95.342 29.032 18.039 62.918 
