 15.00 -25.00 78.125 21.044 11.300 84.200 84.200
 15.00 -20.00 14.145  8.518  5.700 28.500 11.300
 15.00 -15.00 12.635  9.285  4.700 28.100  8.500
 15.00 -10.00 33.600 43.561  8.400 83.900  8.500
 20.00 -25.00 34.368 31.886  5.200 84.200 28.100
 20.00 -20.00  7.032  5.008  4.000 28.100  5.700
 20.00 -15.00  5.436  0.979  4.000  8.500  5.200
 20.00 -10.00  9.159  6.501  4.700 28.100  7.650
 20.00  -5.00 36.950 32.526  8.500 83.800 27.750
 20.00  15.00 84.200  0.000 84.200 84.200 84.200
 20.00  20.00 84.200  0.000 84.200 84.200 84.200
 20.00  25.00 34.423 32.066  6.800 84.200 19.850
 20.00  30.00 18.423 17.347  4.700 84.200 11.300
 20.00  35.00 36.824 28.224  5.700 84.200 28.100
 20.00  40.00 83.900  0.000 83.900 83.900 83.900
 25.00 -30.00 60.879 31.797 11.300 84.200 84.200
 25.00 -25.00  7.845  4.957  4.600 28.100  6.800
 25.00 -20.00  4.559  0.637  4.000  6.800  4.600
 25.00 -15.00  4.459  0.475  4.000  5.700  4.600
 25.00 -10.00  4.745  0.704  4.000  6.800  4.600
 25.00  -5.00  9.819  7.970  4.600 28.100  6.800
 25.00   0.00 43.871 33.315  5.700 84.200 28.100
 25.00   5.00 51.133 32.846  8.500 84.200 28.100
 25.00  10.00 52.119 32.026  8.500 84.200 29.900
 25.00  15.00 54.762 35.332  6.800 84.200 84.200
 25.00  20.00 40.929 32.484  5.700 84.200 28.100
 25.00  25.00  9.900  7.630  4.700 28.100  6.800
 25.00  30.00  6.791  4.911  4.600 28.100  5.500
 25.00  35.00  8.245  4.893  4.600 28.100  6.800
 25.00  40.00 49.862 33.744  8.400 84.200 28.100
 25.00  45.00 83.800  0.000 83.800 83.800 83.800
 30.00 -35.00 84.200  0.000 84.200 84.200 84.200
 30.00 -30.00 32.843 27.163  5.200 84.200 28.100
 30.00 -25.00  4.845  0.416  4.000  5.700  4.600
 30.00 -20.00  4.382  0.395  4.000  5.200  4.600
 30.00 -15.00  4.350  0.299  4.000  4.600  4.600
 30.00 -10.00  4.382  0.349  4.000  5.200  4.600
 30.00  -5.00  4.668  0.661  4.000  6.800  4.600
 30.00   0.00  5.871  2.102  4.600 11.300  4.600
 30.00   5.00 10.367 17.692  4.100 84.200  5.200
 30.00  10.00  7.376  6.970  4.000 28.100  4.700
 30.00  15.00  5.133  1.555  4.000 11.300  4.600
 30.00  20.00  6.114  5.111  4.000 28.100  4.600
 30.00  25.00  5.005  0.885  4.000  6.800  4.900
 30.00  30.00  5.086  0.711  4.000  6.800  4.900
 30.00  35.00  5.436  1.086  4.600  8.400  5.200
 30.00  40.00 23.432 26.030  6.700 84.200 11.200
 30.00  45.00 64.833 31.907 28.000 84.000 82.500
 35.00 -35.00 19.428  8.982  6.800 28.100 19.700
 35.00 -30.00  6.333  1.728  4.600 11.200  5.700
 35.00 -25.00  4.877  0.616  4.000  6.800  4.600
 35.00 -20.00  4.355  0.302  4.000  4.600  4.600
 35.00 -15.00  4.300  0.307  4.000  4.600  4.300
 35.00 -10.00  4.323  0.316  3.900  4.600  4.500
 35.00  -5.00  4.405  0.289  3.900  4.600  4.600
 35.00   0.00  4.409  0.286  4.000  4.600  4.600
 35.00   5.00  4.382  0.295  4.000  4.600  4.600
 35.00  10.00  4.400  0.420  3.900  5.700  4.600
 35.00  15.00  4.348  0.404  3.900  5.200  4.500
 35.00  20.00  4.414  0.381  3.900  5.200  4.600
 35.00  25.00  4.645  0.373  3.900  5.200  4.600
 35.00  30.00  4.691  0.582  3.900  5.600  4.600
 35.00  35.00  5.018  0.664  4.500  6.700  4.600
 35.00  40.00  9.159  6.484  5.100 28.100  6.700
 35.00  45.00 83.890  0.749 81.800 84.200 84.200
 40.00 -50.00 84.200  0.000 84.200 84.200 84.200
 40.00 -45.00 84.200  0.000 84.200 84.200 84.200
 40.00 -40.00 74.850 21.513 28.100 84.200 84.200
 40.00 -35.00 14.273  8.773  6.800 28.400  8.800
 40.00 -30.00  9.536  6.314  4.600 28.100  8.400
 40.00 -25.00  6.014  1.713  4.000 11.200  5.700
 40.00 -20.00  4.850  0.512  4.000  5.700  4.600
 40.00 -15.00  4.645  0.300  4.000  5.200  4.600
 40.00 -10.00  4.559  0.130  4.500  5.100  4.500
 40.00  -5.00  4.505  0.021  4.500  4.600  4.500
 40.00   0.00  4.445  0.177  3.900  4.500  4.500
 40.00   5.00  4.227  0.306  3.900  4.500  4.500
 40.00  10.00  4.282  0.295  3.900  4.500  4.500
 40.00  15.00  4.336  0.330  3.900  5.100  4.500
 40.00  20.00  4.364  0.257  3.900  4.500  4.500
 40.00  25.00  4.582  0.426  3.900  5.100  4.500
 40.00  30.00  4.814  0.480  3.900  5.600  4.500
 40.00  35.00  5.709  1.554  4.500 11.200  5.100
 40.00  40.00 11.282  8.347  4.600 28.100  8.400
 40.00  45.00 60.082 33.498  6.800 84.200 83.900
 40.00  50.00 83.800  0.000 83.800 83.800 83.800
 45.00 -50.00 84.200  0.000 84.200 84.200 84.200
 45.00 -45.00 84.200  0.000 84.200 84.200 84.200
 45.00 -40.00 84.200  0.000 84.200 84.200 84.200
 45.00 -35.00 48.727 30.793  8.500 84.200 28.250
 45.00 -30.00 15.823  9.665  5.700 28.100 11.250
 45.00 -25.00 12.745  8.776  4.600 28.100  9.850
 45.00 -20.00  8.314  6.441  4.600 28.100  6.750
 45.00 -15.00  5.155  0.551  4.600  6.700  5.200
 45.00 -10.00  4.550  0.226  3.900  5.100  4.500
 45.00  -5.00  4.418  0.211  3.900  4.500  4.500
 45.00   0.00  4.445  0.256  3.900  5.100  4.500
 45.00   5.00  4.473  0.225  3.900  5.100  4.500
 45.00  10.00  4.336  0.330  3.900  5.100  4.500
 45.00  15.00  4.418  0.281  3.900  5.100  4.500
 45.00  20.00  4.500  0.321  3.900  5.100  4.500
 45.00  25.00  4.741  0.389  3.900  5.600  4.500
 45.00  30.00  5.336  0.858  4.500  6.700  5.100
 45.00  35.00  7.077  2.102  4.500 11.200  6.700
 45.00  40.00 26.177 20.959  5.100 84.200 28.100
 45.00  45.00 73.773 22.591 28.100 84.200 84.200
 45.00  50.00 83.900  0.000 83.900 83.900 83.900
 50.00 -50.00 84.200  0.000 84.200 84.200 84.200
 50.00 -45.00 84.200  0.000 84.200 84.200 84.200
 50.00 -40.00 84.200  0.000 84.200 84.200 84.200
 50.00 -35.00 84.200  0.000 84.200 84.200 84.200
 50.00 -30.00 81.650 11.961 28.100 84.200 84.200
 50.00 -25.00 69.045 28.915  8.500 84.200 84.200
 50.00 -20.00 14.286  9.950  5.200 29.800  8.450
 50.00 -15.00  5.482  0.947  4.600  8.400  5.200
 50.00 -10.00  4.827  0.557  4.500  6.700  4.500
 50.00  -5.00  4.555  0.256  3.900  5.100  4.500
 50.00   0.00  4.473  0.291  3.900  5.100  4.500
 50.00   5.00  4.473  0.291  3.900  5.100  4.500
 50.00  10.00  4.364  0.257  3.900  4.500  4.500
 50.00  15.00  4.418  0.281  3.900  5.100  4.500
 50.00  20.00  4.500  0.185  3.900  5.100  4.500
 50.00  25.00  4.605  0.284  4.500  5.600  4.500
 50.00  30.00  5.427  0.936  4.500  8.400  5.100
 50.00  35.00 12.209  7.935  5.100 28.100  9.800
 50.00  40.00 66.500 28.937 11.200 84.200 84.200
 50.00  45.00 80.588 14.003 28.100 84.200 84.200
 50.00  50.00 84.200  0.000 84.200 84.200 84.200
 55.00 -50.00 84.200  0.000 84.200 84.200 84.200
 55.00 -45.00 84.200  0.000 84.200 84.200 84.200
 55.00 -40.00 84.200  0.000 84.200 84.200 84.200
 55.00 -35.00 84.200  0.000 84.200 84.200 84.200
 55.00 -30.00 72.341 26.058  8.500 84.200 84.200
 55.00 -25.00 27.277 24.823  5.700 84.200 28.100
 55.00 -20.00  8.359  6.803  4.600 29.800  5.700
 55.00 -15.00  5.614  1.571  4.600 11.200  5.200
 55.00 -10.00  4.873  0.540  4.500  6.700  4.600
 55.00  -5.00  4.595  0.279  3.900  5.100  4.500
 55.00   0.00  4.500  0.321  3.900  5.100  4.500
 55.00   5.00  4.418  0.281  3.900  5.100  4.500
 55.00  10.00  4.418  0.211  3.900  4.500  4.500
 55.00  15.00  4.391  0.301  3.900  5.100  4.500
 55.00  20.00  4.364  0.257  3.900  4.500  4.500
 55.00  25.00  4.364  0.257  3.900  4.500  4.500
 55.00  30.00  4.609  0.237  4.500  5.100  4.500
 55.00  35.00  5.845  1.528  4.500 11.200  5.600
 55.00  40.00 23.333 22.330  5.100 84.200 11.200
 55.00  45.00 67.419 30.052  6.700 84.200 84.200
 55.00  50.00 70.175 25.969 28.100 84.200 84.200
 60.00 -55.00 84.200  0.000 84.200 84.200 84.200
 60.00 -50.00 84.200  0.000 84.200 84.200 84.200
 60.00 -45.00 68.262 25.825 28.100 84.200 84.200
 60.00 -40.00 78.767 16.848 28.100 84.200 84.200
 60.00 -35.00 36.238 28.621  6.700 84.200 28.100
 60.00 -30.00 10.432  7.665  4.600 29.800  8.400
 60.00 -25.00  5.536  1.019  4.600  9.000  5.200
 60.00 -20.00  5.059  0.617  4.600  6.800  5.100
 60.00 -15.00  4.864  0.362  4.600  5.700  4.600
 60.00 -10.00  4.686  0.264  4.500  5.600  4.600
 60.00  -5.00  4.627  0.271  3.900  5.100  4.600
 60.00   0.00  4.550  0.292  3.900  5.100  4.500
 60.00   5.00  4.477  0.293  3.900  5.100  4.500
 60.00  10.00  4.445  0.256  3.900  5.100  4.500
 60.00  15.00  4.391  0.237  3.900  4.500  4.500
 60.00  20.00  4.418  0.281  3.900  5.100  4.500
 60.00  25.00  4.445  0.316  3.900  5.100  4.500
 60.00  30.00  4.627  0.578  3.900  6.700  4.500
 60.00  35.00  4.977  1.047  3.900  8.400  4.600
 60.00  40.00  9.523 16.720  4.000 84.200  6.150
 60.00  45.00 27.238 29.587  4.000 84.200  8.400
 60.00  50.00 66.679 29.032  8.400 84.200 84.200
