-30.00  60.00   0.45320000
-25.00  60.00   0.42730000
-20.00  60.00   0.48500000
-15.00  60.00   0.49880000
-10.00  60.00   0.49750000
 -5.00  60.00   0.49570000
  0.00  60.00   0.49230000
  5.00  60.00   0.48560000
 10.00  60.00   0.47990000
 15.00  60.00   0.47990000
 20.00  60.00   0.47990000
 25.00  60.00   0.48560000
 30.00  60.00   0.49230000
 35.00  60.00   0.49890000
 40.00  60.00   0.49730000
 45.00  60.00   0.49990000
-20.00  55.00   0.49590000
-15.00  55.00   0.49990000
-10.00  55.00   0.50000000
 -5.00  55.00   0.49940000
  0.00  55.00   0.49860000
  5.00  55.00   0.49890000
 10.00  55.00   0.49890000
 15.00  55.00   0.49990000
 20.00  55.00   0.49440000
 25.00  55.00   0.49890000
 30.00  55.00   0.49590000
 35.00  55.00   0.49990000
 40.00  55.00   0.49980000
 45.00  55.00   0.50000000
-45.00  50.00   0.50000000
-20.00  50.00   0.49960000
-15.00  50.00   0.49860000
-10.00  50.00   0.49860000
 -5.00  50.00   0.49940000
  0.00  50.00   0.49020000
  5.00  50.00   0.49720000
 10.00  50.00   0.48970000
 15.00  50.00   0.48260000
 20.00  50.00   0.46960000
 25.00  50.00   0.48810000
 30.00  50.00   0.48240000
 35.00  50.00   0.49900000
 40.00  50.00   0.50000000
 45.00  50.00   0.50000000
-45.00  45.00   0.50000000
-40.00  45.00   0.50000000
-35.00  45.00   0.49910000
-30.00  45.00   0.49990000
-25.00  45.00   0.49580000
-20.00  45.00   0.49940000
-15.00  45.00   0.49950000
-10.00  45.00   0.49610000
 -5.00  45.00   0.48980000
  0.00  45.00   0.47340000
  5.00  45.00   0.45000000
 10.00  45.00   0.42100000
 15.00  45.00   0.45670000
 20.00  45.00   0.45570000
 25.00  45.00   0.45270000
 30.00  45.00   0.47630000
 35.00  45.00   0.47620000
 40.00  45.00   0.49760000
 45.00  45.00   0.49990000
-30.00  40.00   0.50000000
-25.00  40.00   0.50000000
-20.00  40.00   0.48820000
-15.00  40.00   0.48130000
-10.00  40.00   0.46970000
 -5.00  40.00   0.45570000
  0.00  40.00   0.47280000
  5.00  40.00   0.46050000
 10.00  40.00   0.44530000
 15.00  40.00   0.47590000
 20.00  40.00   0.46610000
 25.00  40.00   0.45970000
 30.00  40.00   0.47730000
 35.00  40.00   0.49180000
 40.00  40.00   0.47370000
 45.00  40.00   0.49380000
-30.00  35.00   0.49510000
-25.00  35.00   0.49950000
-20.00  35.00   0.49610000
-15.00  35.00   0.46220000
-10.00  35.00   0.48380000
 -5.00  35.00   0.48450000
  0.00  35.00   0.48450000
  5.00  35.00   0.48450000
 10.00  35.00   0.49720000
 15.00  35.00   0.49440000
 20.00  35.00   0.48560000
 25.00  35.00   0.47030000
 30.00  35.00   0.49000000
 35.00  35.00   0.49980000
 40.00  35.00   0.44590000
 45.00  35.00   0.48700000
-25.00  30.00   0.49610000
-20.00  30.00   0.48460000
-15.00  30.00   0.49580000
-10.00  30.00   0.47510000
 -5.00  30.00   0.48600000
  0.00  30.00   0.47770000
  5.00  30.00   0.49390000
 10.00  30.00   0.49760000
 15.00  30.00   0.49730000
 20.00  30.00   0.47160000
 25.00  30.00   0.47020000
 30.00  30.00   0.48810000
 35.00  30.00   0.49980000
 40.00  30.00   0.49440000
 45.00  30.00   0.49870000
-20.00  25.00   0.49930000
-15.00  25.00   0.49880000
-10.00  25.00   0.49780000
 -5.00  25.00   0.49300000
  0.00  25.00   0.48090000
 15.00  25.00   0.49270000
 20.00  25.00   0.47760000
 25.00  25.00   0.47520000
 30.00  25.00   0.44260000
 35.00  25.00   0.47530000
 40.00  25.00   0.49690000
-15.00  20.00   0.49990000
-10.00  20.00   0.48910000
 -5.00  20.00   0.48680000
 20.00  20.00   0.50000000
 25.00  20.00   0.49910000
 30.00  20.00   0.48080000
 35.00  20.00   0.48150000
-15.00  15.00   0.49450000
-10.00  15.00   0.44820000
 -5.00  15.00   0.49980000
-50.00  60.00   0.49930000
-35.00  60.00   0.45660000
-30.00  60.00   0.45070000
-25.00  60.00   0.45120000
-20.00  60.00   0.48050000
-15.00  60.00   0.49770000
-10.00  60.00   0.49700000
 -5.00  60.00   0.49660000
  0.00  60.00   0.49400000
  5.00  60.00   0.49070000
 10.00  60.00   0.48560000
 15.00  60.00   0.48280000
 20.00  60.00   0.48800000
 25.00  60.00   0.49700000
 30.00  60.00   0.47690000
 35.00  60.00   0.47690000
 40.00  60.00   0.48190000
 45.00  60.00   0.48330000
-50.00  55.00   0.49950000
-25.00  55.00   0.50000000
-20.00  55.00   0.49990000
-15.00  55.00   0.49980000
-10.00  55.00   0.49880000
 -5.00  55.00   0.49760000
  0.00  55.00   0.49700000
  5.00  55.00   0.49700000
 10.00  55.00   0.49810000
 15.00  55.00   0.49950000
 20.00  55.00   0.49410000
 25.00  55.00   0.49990000
 30.00  55.00   0.49020000
 35.00  55.00   0.49230000
 40.00  55.00   0.48260000
-50.00  50.00   0.49990000
-25.00  50.00   0.49950000
-20.00  50.00   0.48950000
-15.00  50.00   0.49990000
-10.00  50.00   0.49990000
 -5.00  50.00   0.50000000
  0.00  50.00   0.49890000
  5.00  50.00   0.49400000
 10.00  50.00   0.49800000
 15.00  50.00   0.49400000
 20.00  50.00   0.49890000
 25.00  50.00   0.49410000
 30.00  50.00   0.49700000
 35.00  50.00   0.49810000
 40.00  50.00   0.49950000
-50.00  45.00   0.50000000
-45.00  45.00   0.49990000
-40.00  45.00   0.50000000
-35.00  45.00   0.50000000
-30.00  45.00   0.49780000
-25.00  45.00   0.49660000
-20.00  45.00   0.49990000
-15.00  45.00   0.48030000
-10.00  45.00   0.47360000
 -5.00  45.00   0.48550000
  0.00  45.00   0.46970000
  5.00  45.00   0.47970000
 10.00  45.00   0.46180000
 15.00  45.00   0.44410000
 20.00  45.00   0.46970000
 25.00  45.00   0.47010000
 30.00  45.00   0.46350000
 35.00  45.00   0.46670000
 40.00  45.00   0.49050000
 45.00  45.00   0.49950000
-35.00  40.00   0.49810000
-30.00  40.00   0.49960000
-25.00  40.00   0.49580000
-20.00  40.00   0.46160000
-15.00  40.00   0.45140000
-10.00  40.00   0.44020000
 -5.00  40.00   0.44460000
  0.00  40.00   0.46610000
  5.00  40.00   0.42800000
 10.00  40.00   0.45060000
 15.00  40.00   0.47680000
 20.00  40.00   0.46990000
 25.00  40.00   0.46220000
 30.00  40.00   0.45400000
 35.00  40.00   0.44440000
 40.00  40.00   0.48020000
-35.00  35.00   0.48910000
-30.00  35.00   0.49760000
-25.00  35.00   0.49240000
-20.00  35.00   0.44670000
-15.00  35.00   0.46570000
-10.00  35.00   0.45640000
 -5.00  35.00   0.45640000
  0.00  35.00   0.45640000
  5.00  35.00   0.48570000
 10.00  35.00   0.50000000
 15.00  35.00   0.49610000
 20.00  35.00   0.46660000
 25.00  35.00   0.47710000
 30.00  35.00   0.46730000
 35.00  35.00   0.47360000
 40.00  35.00   0.49370000
-35.00  30.00   0.50000000
-30.00  30.00   0.49910000
-25.00  30.00   0.49250000
-20.00  30.00   0.47430000
-15.00  30.00   0.48460000
-10.00  30.00   0.48150000
 -5.00  30.00   0.42650000
  0.00  30.00   0.47130000
  5.00  30.00   0.49990000
 10.00  30.00   0.49590000
 15.00  30.00   0.48370000
 20.00  30.00   0.46780000
 25.00  30.00   0.44200000
 30.00  30.00   0.48460000
 35.00  30.00   0.48890000
 40.00  30.00   0.48030000
-25.00  25.00   0.49810000
-20.00  25.00   0.48480000
-15.00  25.00   0.49430000
-10.00  25.00   0.49270000
 -5.00  25.00   0.45490000
  0.00  25.00   0.49950000
  5.00  25.00   0.49990000
 10.00  25.00   0.49990000
 15.00  25.00   0.49950000
 20.00  25.00   0.49850000
 25.00  25.00   0.43340000
 30.00  25.00   0.46850000
 35.00  25.00   0.49980000
-20.00  20.00   0.49580000
-15.00  20.00   0.49950000
-10.00  20.00   0.49110000
 -5.00  20.00   0.50000000
 15.00  20.00   0.49990000
 20.00  20.00   0.49990000
 25.00  20.00   0.49810000
 30.00  20.00   0.49920000
-20.00  15.00   0.49810000
-15.00  15.00   0.49880000
-10.00  15.00   0.49340000
