-30.00  60.00  -2.60000000
-25.00  60.00  -2.60000000
-20.00  60.00  -1.10000000
-15.00  60.00  -0.30000000
-10.00  60.00  -0.40000000
 -5.00  60.00  -0.60000000
  0.00  60.00  -0.80000000
  5.00  60.00  -1.10000000
 10.00  60.00  -1.30000000
 15.00  60.00  -1.30000000
 20.00  60.00  -1.30000000
 25.00  60.00  -1.10000000
 30.00  60.00  -0.80000000
 35.00  60.00  -0.30000000
 40.00  60.00  -0.50000000
 45.00  60.00   0.10000000
-20.00  55.00  -0.60000000
-15.00  55.00   0.10000000
-10.00  55.00   0.00000000
 -5.00  55.00  -0.20000000
  0.00  55.00  -0.30000000
  5.00  55.00  -0.30000000
 10.00  55.00  -0.30000000
 15.00  55.00  -0.10000000
 20.00  55.00  -0.70000000
 25.00  55.00  -0.30000000
 30.00  55.00  -0.60000000
 35.00  55.00  -0.10000000
 40.00  55.00  -0.30000000
 45.00  55.00   0.20000000
-45.00  50.00  -0.30000000
-20.00  50.00  -0.20000000
-15.00  50.00  -0.30000000
-10.00  50.00  -0.30000000
 -5.00  50.00  -0.20000000
  0.00  50.00   0.80000000
  5.00  50.00   0.40000000
 10.00  50.00   0.80000000
 15.00  50.00   1.20000000
 20.00  50.00   1.60000000
 25.00  50.00   1.10000000
 30.00  50.00   1.50000000
 35.00  50.00   1.70000000
 40.00  50.00   0.40000000
 45.00  50.00  -0.10000000
-45.00  45.00  -1.10000000
-40.00  45.00   0.40000000
-35.00  45.00  -5.00000000
-30.00  45.00  -0.70000000
-25.00  45.00   1.00000000
-20.00  45.00   0.20000000
-15.00  45.00   0.20000000
-10.00  45.00   0.50000000
 -5.00  45.00   0.80000000
  0.00  45.00   1.30000000
  5.00  45.00   1.80000000
 10.00  45.00   2.30000000
 15.00  45.00   1.90000000
 20.00  45.00   2.20000000
 25.00  45.00   2.50000000
 30.00  45.00   2.60000000
 35.00  45.00   3.50000000
 40.00  45.00   2.70000000
 45.00  45.00   1.90000000
-30.00  40.00   0.00000000
-25.00  40.00   0.00000000
-20.00  40.00   0.90000000
-15.00  40.00   1.10000000
-10.00  40.00   1.40000000
 -5.00  40.00   1.70000000
  0.00  40.00   1.30000000
  5.00  40.00   1.60000000
 10.00  40.00   1.90000000
 15.00  40.00   1.40000000
 20.00  40.00   1.70000000
 25.00  40.00   2.10000000
 30.00  40.00   1.70000000
 35.00  40.00   1.20000000
 40.00  40.00   2.80000000
 45.00  40.00   4.40000000
-30.00  35.00  -0.80000000
-25.00  35.00   0.20000000
-20.00  35.00   0.50000000
-15.00  35.00   1.60000000
-10.00  35.00   1.00000000
 -5.00  35.00   1.00000000
  0.00  35.00   1.00000000
  5.00  35.00   1.00000000
 10.00  35.00   0.40000000
 15.00  35.00   0.60000000
 20.00  35.00   1.10000000
 25.00  35.00   1.80000000
 30.00  35.00   1.00000000
 35.00  35.00   0.10000000
 40.00  35.00   3.20000000
 45.00  35.00   6.30000000
-25.00  30.00   0.60000000
-20.00  30.00   1.00000000
-15.00  30.00   0.50000000
-10.00  30.00   1.30000000
 -5.00  30.00   1.10000000
  0.00  30.00   1.60000000
  5.00  30.00   0.80000000
 10.00  30.00  -0.50000000
 15.00  30.00   0.50000000
 20.00  30.00   1.80000000
 25.00  30.00   1.80000000
 30.00  30.00   1.10000000
 35.00  30.00   0.10000000
 40.00  30.00   1.70000000
 45.00  30.00   5.90000000
-20.00  25.00   0.20000000
-15.00  25.00  -0.30000000
-10.00  25.00   0.40000000
 -5.00  25.00   0.90000000
  0.00  25.00   2.40000000
 15.00  25.00   1.20000000
 20.00  25.00   2.10000000
 25.00  25.00   1.50000000
 30.00  25.00   2.60000000
 35.00  25.00   1.80000000
 40.00  25.00   3.10000000
-15.00  20.00   0.10000000
-10.00  20.00   0.90000000
 -5.00  20.00   1.60000000
 20.00  20.00   0.70000000
 25.00  20.00   0.80000000
 30.00  20.00   2.00000000
 35.00  20.00   1.60000000
-15.00  15.00   0.90000000
-10.00  15.00   2.30000000
 -5.00  15.00   2.30000000
-50.00  60.00  -4.50000000
-35.00  60.00  -4.80000000
-30.00  60.00  -3.10000000
-25.00  60.00  -2.10000000
-20.00  60.00  -1.30000000
-15.00  60.00  -0.50000000
-10.00  60.00  -0.50000000
 -5.00  60.00  -0.60000000
  0.00  60.00  -0.80000000
  5.00  60.00  -1.00000000
 10.00  60.00  -1.10000000
 15.00  60.00  -1.20000000
 20.00  60.00  -1.00000000
 25.00  60.00  -0.50000000
 30.00  60.00  -1.40000000
 35.00  60.00  -1.40000000
 40.00  60.00  -1.40000000
 45.00  60.00  -2.20000000
-50.00  55.00  -3.60000000
-25.00  55.00   0.00000000
-20.00  55.00  -0.10000000
-15.00  55.00  -0.20000000
-10.00  55.00  -0.40000000
 -5.00  55.00  -0.50000000
  0.00  55.00  -0.50000000
  5.00  55.00  -0.50000000
 10.00  55.00  -0.40000000
 15.00  55.00  -0.20000000
 20.00  55.00  -0.70000000
 25.00  55.00  -0.10000000
 30.00  55.00  -0.90000000
 35.00  55.00  -0.80000000
 40.00  55.00  -1.50000000
-50.00  50.00  -1.90000000
-25.00  50.00  -1.20000000
-20.00  50.00  -1.40000000
-15.00  50.00  -0.10000000
-10.00  50.00  -0.10000000
 -5.00  50.00   0.00000000
  0.00  50.00   0.30000000
  5.00  50.00   0.70000000
 10.00  50.00   0.40000000
 15.00  50.00   0.70000000
 20.00  50.00   0.30000000
 25.00  50.00   0.70000000
 30.00  50.00   0.50000000
 35.00  50.00  -0.40000000
 40.00  50.00  -0.50000000
-50.00  45.00  -0.90000000
-45.00  45.00  -1.70000000
-40.00  45.00   0.00000000
-35.00  45.00   0.00000000
-30.00  45.00  -0.80000000
-25.00  45.00  -0.80000000
-20.00  45.00  -0.10000000
-15.00  45.00   1.30000000
-10.00  45.00   1.50000000
 -5.00  45.00   1.10000000
  0.00  45.00   1.60000000
  5.00  45.00   1.30000000
 10.00  45.00   1.80000000
 15.00  45.00   2.20000000
 20.00  45.00   1.60000000
 25.00  45.00   1.80000000
 30.00  45.00   2.00000000
 35.00  45.00   2.50000000
 40.00  45.00   2.20000000
 45.00  45.00   1.30000000
-35.00  40.00   0.60000000
-30.00  40.00  -0.20000000
-25.00  40.00   0.60000000
-20.00  40.00   1.60000000
-15.00  40.00   1.80000000
-10.00  40.00   2.00000000
 -5.00  40.00   2.20000000
  0.00  40.00   1.70000000
  5.00  40.00   2.20000000
 10.00  40.00   1.80000000
 15.00  40.00   1.40000000
 20.00  40.00   1.60000000
 25.00  40.00   1.80000000
 30.00  40.00   2.00000000
 35.00  40.00   2.50000000
 40.00  40.00   2.40000000
-35.00  35.00  -1.10000000
-30.00  35.00  -0.40000000
-25.00  35.00   0.70000000
-20.00  35.00   1.90000000
-15.00  35.00   1.50000000
-10.00  35.00   1.70000000
 -5.00  35.00   1.70000000
  0.00  35.00   1.70000000
  5.00  35.00   1.10000000
 10.00  35.00   0.00000000
 15.00  35.00   0.50000000
 20.00  35.00   1.70000000
 25.00  35.00   1.40000000
 30.00  35.00   1.90000000
 35.00  35.00   1.70000000
 40.00  35.00   0.90000000
-35.00  30.00   0.40000000
-30.00  30.00   0.40000000
-25.00  30.00   0.70000000
-20.00  30.00   1.30000000
-15.00  30.00   1.00000000
-10.00  30.00   1.10000000
 -5.00  30.00   2.60000000
  0.00  30.00   1.60000000
  5.00  30.00   0.10000000
 10.00  30.00   0.60000000
 15.00  30.00   1.20000000
 20.00  30.00   1.70000000
 25.00  30.00   2.30000000
 30.00  30.00   1.30000000
 35.00  30.00   1.10000000
 40.00  30.00   2.40000000
-25.00  25.00   0.40000000
-20.00  25.00   1.00000000
-15.00  25.00   0.70000000
-10.00  25.00   0.80000000
 -5.00  25.00   2.30000000
  0.00  25.00   1.30000000
  5.00  25.00   1.50000000
 10.00  25.00   1.80000000
 15.00  25.00   1.30000000
 20.00  25.00   2.20000000
 25.00  25.00   3.10000000
 30.00  25.00   1.70000000
 35.00  25.00  -0.20000000
-20.00  20.00   0.60000000
-15.00  20.00   0.20000000
-10.00  20.00   1.10000000
 -5.00  20.00   1.10000000
 15.00  20.00   1.30000000
 20.00  20.00   1.50000000
 25.00  20.00   1.00000000
 30.00  20.00   1.60000000
-20.00  15.00   0.50000000
-15.00  15.00   0.60000000
-10.00  15.00   1.40000000
