-30.00  60.00   0.02310000
-25.00  60.00   0.03000000
-20.00  60.00   0.03430000
-15.00  60.00   0.03920000
-10.00  60.00   0.05060000
 -5.00  60.00   0.04400000
  0.00  60.00   0.04980000
  5.00  60.00   0.04910000
 10.00  60.00   0.05660000
 15.00  60.00   0.05660000
 20.00  60.00   0.05660000
 25.00  60.00   0.04910000
 30.00  60.00   0.04980000
 35.00  60.00   0.05040000
 40.00  60.00   0.04400000
 45.00  60.00   0.02660000
-20.00  55.00   0.03170000
-15.00  55.00   0.03540000
-10.00  55.00   0.05080000
 -5.00  55.00   0.05820000
  0.00  55.00   0.06780000
  5.00  55.00   0.07080000
 10.00  55.00   0.07060000
 15.00  55.00   0.07070000
 20.00  55.00   0.06990000
 25.00  55.00   0.07060000
 30.00  55.00   0.05850000
 35.00  55.00   0.05220000
 40.00  55.00   0.02060000
 45.00  55.00   0.00240000
-45.00  50.00   0.00160000
-20.00  50.00   0.02590000
-15.00  50.00   0.04050000
-10.00  50.00   0.05810000
 -5.00  50.00   0.06790000
  0.00  50.00   0.08000000
  5.00  50.00   0.10140000
 10.00  50.00   0.09990000
 15.00  50.00   0.08560000
 20.00  50.00   0.08300000
 25.00  50.00   0.06110000
 30.00  50.00   0.05500000
 35.00  50.00   0.00960000
 40.00  50.00   0.00270000
 45.00  50.00   0.00240000
-45.00  45.00   0.00170000
-40.00  45.00   0.00160000
-35.00  45.00   0.00150000
-30.00  45.00   0.00410000
-25.00  45.00   0.01810000
-20.00  45.00   0.03170000
-15.00  45.00   0.03930000
-10.00  45.00   0.05760000
 -5.00  45.00   0.07990000
  0.00  45.00   0.07730000
  5.00  45.00   0.09180000
 10.00  45.00   0.08590000
 15.00  45.00   0.06480000
 20.00  45.00   0.05710000
 25.00  45.00   0.05160000
 30.00  45.00   0.03030000
 35.00  45.00   0.01950000
 40.00  45.00   0.00720000
 45.00  45.00   0.00210000
-30.00  40.00   0.02380000
-25.00  40.00   0.03490000
-20.00  40.00   0.04410000
-15.00  40.00   0.04910000
-10.00  40.00   0.05480000
 -5.00  40.00   0.06200000
  0.00  40.00   0.06430000
  5.00  40.00   0.06260000
 10.00  40.00   0.06060000
 15.00  40.00   0.05630000
 20.00  40.00   0.05500000
 25.00  40.00   0.04800000
 30.00  40.00   0.03880000
 35.00  40.00   0.02930000
 40.00  40.00   0.02260000
 45.00  40.00   0.00570000
-30.00  35.00   0.02520000
-25.00  35.00   0.04490000
-20.00  35.00   0.04500000
-15.00  35.00   0.04720000
-10.00  35.00   0.04940000
 -5.00  35.00   0.04940000
  0.00  35.00   0.04940000
  5.00  35.00   0.04940000
 10.00  35.00   0.05070000
 15.00  35.00   0.05040000
 20.00  35.00   0.04310000
 25.00  35.00   0.03680000
 30.00  35.00   0.03820000
 35.00  35.00   0.03560000
 40.00  35.00   0.02360000
 45.00  35.00   0.00560000
-25.00  30.00   0.03490000
-20.00  30.00   0.04390000
-15.00  30.00   0.04500000
-10.00  30.00   0.04310000
 -5.00  30.00   0.03140000
  0.00  30.00   0.02490000
  5.00  30.00   0.02570000
 10.00  30.00   0.02920000
 15.00  30.00   0.02930000
 20.00  30.00   0.02680000
 25.00  30.00   0.02930000
 30.00  30.00   0.03050000
 35.00  30.00   0.03160000
 40.00  30.00   0.01420000
 45.00  30.00   0.00180000
-20.00  25.00   0.04040000
-15.00  25.00   0.04070000
-10.00  25.00   0.03390000
 -5.00  25.00   0.02210000
  0.00  25.00   0.01230000
 15.00  25.00   0.01440000
 20.00  25.00   0.01510000
 25.00  25.00   0.02370000
 30.00  25.00   0.02310000
 35.00  25.00   0.02260000
 40.00  25.00   0.00440000
-15.00  20.00   0.02710000
-10.00  20.00   0.02650000
 -5.00  20.00   0.01380000
 20.00  20.00   0.00100000
 25.00  20.00   0.00710000
 30.00  20.00   0.01400000
 35.00  20.00   0.01820000
-15.00  15.00   0.01830000
-10.00  15.00   0.01850000
 -5.00  15.00   0.00100000
-50.00  60.00   0.00160000
-35.00  60.00   0.01080000
-30.00  60.00   0.01780000
-25.00  60.00   0.02900000
-20.00  60.00   0.03400000
-15.00  60.00   0.03450000
-10.00  60.00   0.03910000
 -5.00  60.00   0.03870000
  0.00  60.00   0.03850000
  5.00  60.00   0.04370000
 10.00  60.00   0.04910000
 15.00  60.00   0.05690000
 20.00  60.00   0.05750000
 25.00  60.00   0.05860000
 30.00  60.00   0.04820000
 35.00  60.00   0.04820000
 40.00  60.00   0.03760000
 45.00  60.00   0.02040000
-50.00  55.00   0.00160000
-25.00  55.00   0.00150000
-20.00  55.00   0.01980000
-15.00  55.00   0.02370000
-10.00  55.00   0.03540000
 -5.00  55.00   0.04440000
  0.00  55.00   0.05860000
  5.00  55.00   0.07030000
 10.00  55.00   0.07050000
 15.00  55.00   0.07070000
 20.00  55.00   0.06990000
 25.00  55.00   0.07070000
 30.00  55.00   0.06940000
 35.00  55.00   0.05800000
 40.00  55.00   0.03920000
-50.00  50.00   0.00190000
-25.00  50.00   0.00440000
-20.00  50.00   0.01940000
-15.00  50.00   0.03120000
-10.00  50.00   0.03900000
 -5.00  50.00   0.05890000
  0.00  50.00   0.07060000
  5.00  50.00   0.08740000
 10.00  50.00   0.08810000
 15.00  50.00   0.08740000
 20.00  50.00   0.08820000
 25.00  50.00   0.06990000
 30.00  50.00   0.07030000
 35.00  50.00   0.05870000
 40.00  50.00   0.02030000
-50.00  45.00   0.00190000
-45.00  45.00   0.00160000
-40.00  45.00   0.00150000
-35.00  45.00   0.00440000
-30.00  45.00   0.01570000
-25.00  45.00   0.01970000
-20.00  45.00   0.02580000
-15.00  45.00   0.03780000
-10.00  45.00   0.04790000
 -5.00  45.00   0.05720000
  0.00  45.00   0.06650000
  5.00  45.00   0.08480000
 10.00  45.00   0.08170000
 15.00  45.00   0.07850000
 20.00  45.00   0.06650000
 25.00  45.00   0.05870000
 30.00  45.00   0.04820000
 35.00  45.00   0.03170000
 40.00  45.00   0.01740000
 45.00  45.00   0.00630000
-35.00  40.00   0.02150000
-30.00  40.00   0.03120000
-25.00  40.00   0.03510000
-20.00  40.00   0.04190000
-15.00  40.00   0.04610000
-10.00  40.00   0.05130000
 -5.00  40.00   0.05240000
  0.00  40.00   0.05500000
  5.00  40.00   0.05820000
 10.00  40.00   0.06130000
 15.00  40.00   0.05620000
 20.00  40.00   0.05540000
 25.00  40.00   0.05450000
 30.00  40.00   0.04590000
 35.00  40.00   0.03960000
 40.00  40.00   0.02270000
-35.00  35.00   0.02540000
-30.00  35.00   0.03690000
-25.00  35.00   0.04470000
-20.00  35.00   0.04050000
-15.00  35.00   0.04750000
-10.00  35.00   0.04660000
 -5.00  35.00   0.04660000
  0.00  35.00   0.04660000
  5.00  35.00   0.04290000
 10.00  35.00   0.04420000
 15.00  35.00   0.05060000
 20.00  35.00   0.04130000
 25.00  35.00   0.04220000
 30.00  35.00   0.03650000
 35.00  35.00   0.03690000
 40.00  35.00   0.03510000
-35.00  30.00   0.00130000
-30.00  30.00   0.01980000
-25.00  30.00   0.04020000
-20.00  30.00   0.04300000
-15.00  30.00   0.04390000
-10.00  30.00   0.04370000
 -5.00  30.00   0.03020000
  0.00  30.00   0.02780000
  5.00  30.00   0.02600000
 10.00  30.00   0.02700000
 15.00  30.00   0.02850000
 20.00  30.00   0.02760000
 25.00  30.00   0.02840000
 30.00  30.00   0.03020000
 35.00  30.00   0.03050000
 40.00  30.00   0.01820000
-25.00  25.00   0.03200000
-20.00  25.00   0.03960000
-15.00  25.00   0.03500000
-10.00  25.00   0.02900000
 -5.00  25.00   0.02030000
  0.00  25.00   0.00350000
  5.00  25.00   0.00110000
 10.00  25.00   0.00110000
 15.00  25.00   0.00330000
 20.00  25.00   0.00350000
 25.00  25.00   0.01640000
 30.00  25.00   0.02370000
 35.00  25.00   0.01830000
-20.00  20.00   0.03190000
-15.00  20.00   0.02720000
-10.00  20.00   0.01860000
 -5.00  20.00   0.00110000
 15.00  20.00   0.00090000
 20.00  20.00   0.00100000
 25.00  20.00   0.00790000
 30.00  20.00   0.00330000
-20.00  15.00   0.02020000
-15.00  15.00   0.01260000
-10.00  15.00   0.01040000
